Date,Open,High,Low,Close,Adj Close,Volume
1994-05-17,5.000000,5.000000,5.000000,5.000000,3.854922,500
1994-05-18,5.000000,5.000000,5.000000,5.000000,3.854922,0
1994-05-19,5.000000,5.250000,5.000000,5.000000,3.854922,1300
1994-05-20,5.000000,5.000000,5.000000,5.000000,3.854922,0
1994-05-23,5.250000,5.250000,5.250000,5.250000,4.047668,400
1994-05-24,5.000000,5.125000,5.000000,5.000000,3.854922,800
1994-05-25,5.000000,5.250000,5.000000,5.250000,4.047668,1300
1994-05-26,5.000000,5.375000,5.000000,5.000000,3.854922,1600
1994-05-27,5.500000,5.500000,5.125000,5.125000,3.951294,1600
1994-05-31,5.250000,5.250000,5.250000,5.250000,4.047668,1000
1994-06-01,5.250000,5.250000,5.250000,5.250000,4.047668,200
1994-06-02,5.187500,5.187500,5.187500,5.187500,3.999481,300
1994-06-03,5.250000,5.250000,5.187500,5.250000,4.047668,1400
1994-06-06,5.250000,5.250000,5.250000,5.250000,4.047668,0
1994-06-07,5.000000,5.000000,5.000000,5.000000,3.854922,1000
1994-06-08,5.000000,5.000000,5.000000,5.000000,3.854922,0
1994-06-09,5.000000,5.000000,5.000000,5.000000,3.854922,100
1994-06-10,5.000000,5.250000,5.000000,5.000000,3.854922,5100
1994-06-13,5.375000,5.375000,5.375000,5.375000,4.144041,1100
1994-06-14,5.250000,5.250000,5.125000,5.250000,4.047668,200
1994-06-15,5.250000,5.250000,5.250000,5.250000,4.047668,200
1994-06-16,5.250000,5.250000,5.250000,5.250000,4.047668,0
1994-06-17,0.000000,5.500000,5.000000,5.000000,3.854922,3100
1994-06-20,5.000000,5.000000,5.000000,5.000000,3.854922,0
1994-06-21,5.000000,5.000000,5.000000,5.000000,3.854922,0
1994-06-22,0.000000,5.500000,5.125000,5.125000,3.951294,200
1994-06-23,0.000000,5.250000,5.250000,5.250000,4.047668,5200
1994-06-24,5.250000,5.250000,5.250000,5.250000,4.047668,0
1994-06-27,5.250000,5.250000,5.250000,5.250000,4.047668,0
1994-06-28,0.000000,5.000000,5.000000,5.000000,3.854922,1500
1994-06-29,0.000000,4.875000,4.875000,4.875000,3.758549,500
1994-06-30,0.000000,5.250000,5.000000,5.000000,3.854922,1600
1994-07-01,0.000000,4.875000,4.875000,4.875000,3.758549,100
1994-07-05,4.875000,4.875000,4.875000,4.875000,3.758549,0
1994-07-06,0.000000,4.875000,4.875000,4.875000,3.758549,1600
1994-07-07,0.000000,4.875000,4.875000,4.875000,3.758549,1000
1994-07-08,4.875000,4.875000,4.875000,4.875000,3.758549,0
1994-07-11,0.000000,5.000000,5.000000,5.000000,3.854922,200
1994-07-12,0.000000,5.250000,5.000000,5.125000,3.951294,11300
1994-07-13,0.000000,5.125000,5.000000,5.125000,3.951294,900
1994-07-14,0.000000,5.250000,5.125000,5.125000,3.951294,300
1994-07-15,0.000000,5.250000,5.250000,5.250000,4.047668,300
1994-07-18,0.000000,5.437500,5.375000,5.375000,4.144041,200
1994-07-19,0.000000,5.375000,5.375000,5.375000,4.144041,2300
1994-07-20,0.000000,5.375000,5.250000,5.250000,4.047668,900
1994-07-21,5.250000,5.250000,5.250000,5.250000,4.047668,0
1994-07-22,5.250000,5.250000,5.250000,5.250000,4.047668,0
1994-07-25,5.250000,5.250000,5.250000,5.250000,4.047668,0
1994-07-26,0.000000,5.375000,5.375000,5.375000,4.144041,700
1994-07-27,0.000000,5.750000,5.375000,5.375000,4.144041,4300
1994-07-28,0.000000,5.625000,5.375000,5.625000,4.336788,180200
1994-07-29,0.000000,5.250000,5.250000,5.250000,4.047668,400
1994-08-01,0.000000,5.593750,5.375000,5.375000,4.144041,8500
1994-08-02,0.000000,5.500000,5.000000,5.500000,4.240414,3000
1994-08-03,0.000000,5.375000,5.375000,5.375000,4.144041,1100
1994-08-04,0.000000,5.500000,5.500000,5.500000,4.240414,1000
1994-08-05,5.500000,5.500000,5.500000,5.500000,4.240414,0
1994-08-08,5.500000,5.500000,5.500000,5.500000,4.240414,0
1994-08-09,0.000000,5.750000,5.750000,5.750000,4.433160,700
1994-08-10,0.000000,6.125000,5.875000,6.125000,4.722279,300
1994-08-11,6.125000,6.125000,6.125000,6.125000,4.722279,0
1994-08-12,6.125000,6.125000,6.125000,6.125000,4.722279,0
1994-08-15,0.000000,5.625000,5.625000,5.625000,4.336788,1000
1994-08-16,5.625000,5.625000,5.625000,5.625000,4.336788,0
1994-08-17,0.000000,5.625000,5.625000,5.625000,4.336788,500
1994-08-18,5.625000,5.625000,5.625000,5.625000,4.336788,0
1994-08-19,0.000000,6.000000,5.750000,5.750000,4.433160,400
1994-08-22,0.000000,6.500000,6.250000,6.250000,4.818653,1100
1994-08-23,0.000000,6.250000,6.250000,6.250000,4.818653,600
1994-08-24,0.000000,7.000000,6.500000,6.500000,5.011398,5300
1994-08-25,0.000000,6.375000,6.250000,6.250000,4.818653,5000
1994-08-26,0.000000,6.500000,6.250000,6.281250,4.842745,22000
1994-08-29,0.000000,6.500000,6.000000,6.000000,4.625906,2400
1994-08-30,0.000000,6.750000,6.375000,6.375000,4.915025,17400
1994-08-31,0.000000,6.750000,6.625000,6.625000,5.107770,13000
1994-09-01,0.000000,6.750000,6.250000,6.625000,5.107770,5200
1994-09-02,0.000000,7.375000,7.000000,7.000000,5.396890,10300
1994-09-06,0.000000,8.000000,7.625000,7.687500,5.926942,271200
1994-09-07,0.000000,8.000000,7.875000,8.000000,6.167874,205000
1994-09-08,0.000000,8.093750,7.750000,8.093750,6.240154,128100
1994-09-09,0.000000,8.375000,8.000000,8.250000,6.360620,18700
1994-09-12,0.000000,8.312500,8.250000,8.281250,6.384715,25000
1994-09-13,0.000000,8.375000,8.125000,8.375000,6.456994,25100
1994-09-14,0.000000,8.375000,8.125000,8.125000,6.264247,1600
1994-09-15,0.000000,8.125000,8.125000,8.125000,6.264247,2600
1994-09-16,0.000000,8.437500,8.187500,8.250000,6.360620,69300
1994-09-19,0.000000,8.625000,8.250000,8.437500,6.505180,3400
1994-09-20,0.000000,9.125000,8.750000,9.000000,6.938860,444300
1994-09-21,0.000000,8.875000,8.875000,8.875000,6.842486,1500
1994-09-22,0.000000,9.250000,9.000000,9.093750,7.011140,6200
1994-09-23,0.000000,9.781250,9.250000,9.781250,7.541192,14300
1994-09-26,0.000000,9.875000,9.500000,9.500000,7.324352,2800
1994-09-27,0.000000,10.500000,9.875000,10.500000,8.095336,9100
1994-09-28,0.000000,11.281250,10.781250,10.906250,8.408548,20300
1994-09-29,0.000000,10.750000,10.500000,10.750000,8.288082,3600
1994-09-30,0.000000,10.625000,10.250000,10.625000,8.191710,86400
1994-10-03,0.000000,10.125000,10.000000,10.125000,7.806215,8500
1994-10-04,0.000000,10.250000,9.750000,10.250000,7.902587,800
1994-10-05,0.000000,9.625000,9.500000,9.500000,7.324352,16700
1994-10-06,0.000000,10.000000,9.500000,10.000000,7.709844,5400
1994-10-07,0.000000,10.250000,9.750000,9.750000,7.517098,800
1994-10-10,0.000000,10.250000,10.031250,10.250000,7.902587,7200
1994-10-11,0.000000,10.000000,9.750000,9.750000,7.517098,400
1994-10-12,0.000000,10.750000,9.875000,10.250000,7.902587,1400
1994-10-13,0.000000,10.125000,10.125000,10.125000,7.806215,2400
1994-10-14,0.000000,10.000000,10.000000,10.000000,7.709844,300
1994-10-17,0.000000,10.437500,10.125000,10.437500,8.047151,7600
1994-10-18,0.000000,10.500000,10.375000,10.500000,8.095336,6100
1994-10-19,0.000000,10.593750,10.250000,10.531250,8.119431,11100
1994-10-20,0.000000,10.750000,10.500000,10.500000,8.095336,5700
1994-10-21,0.000000,10.875000,10.625000,10.875000,8.384455,2000
1994-10-24,0.000000,10.750000,10.531250,10.750000,8.288082,7400
1994-10-25,0.000000,10.593750,10.500000,10.500000,8.095336,1900
1994-10-26,0.000000,10.375000,10.375000,10.375000,7.998962,700
1994-10-27,10.375000,10.375000,10.375000,10.375000,7.998962,0
1994-10-28,0.000000,10.125000,10.125000,10.125000,7.806215,500
1994-10-31,0.000000,10.000000,9.875000,9.875000,7.613472,2600
1994-11-01,0.000000,10.000000,9.500000,10.000000,7.709844,1000
1994-11-02,0.000000,9.750000,9.625000,9.750000,7.517098,400
1994-11-03,0.000000,10.000000,9.906250,9.906250,7.637562,7600
1994-11-04,0.000000,9.750000,9.750000,9.750000,7.517098,400
1994-11-07,0.000000,9.875000,9.500000,9.875000,7.613472,1200
1994-11-08,0.000000,9.625000,9.312500,9.312500,7.179791,50800
1994-11-09,9.312500,9.312500,9.312500,9.312500,7.179791,0
1994-11-10,9.312500,9.312500,9.312500,9.312500,7.179791,0
1994-11-11,0.000000,9.250000,9.125000,9.250000,7.131605,400
1994-11-14,0.000000,9.125000,9.000000,9.000000,6.938860,800
1994-11-15,0.000000,9.343750,9.125000,9.125000,7.035232,500
1994-11-16,0.000000,9.125000,9.125000,9.125000,7.035232,400
1994-11-17,9.125000,9.125000,9.125000,9.125000,7.035232,0
1994-11-18,0.000000,9.000000,8.875000,9.000000,6.938860,4800
1994-11-21,0.000000,9.000000,8.875000,9.000000,6.938860,1500
1994-11-22,9.000000,9.000000,9.000000,9.000000,6.938860,0
1994-11-23,0.000000,8.750000,8.437500,8.687500,6.697927,28100
1994-11-25,0.000000,8.781250,8.687500,8.781250,6.770206,30900
1994-11-28,0.000000,8.281250,8.281250,8.281250,6.384715,100
1994-11-29,0.000000,8.125000,8.125000,8.125000,6.264247,800
1994-11-30,0.000000,8.000000,8.000000,8.000000,6.167874,500
1994-12-01,0.000000,7.500000,7.500000,7.500000,5.782382,1000
1994-12-02,0.000000,7.250000,7.000000,7.125000,5.493264,19000
1994-12-05,0.000000,6.625000,6.625000,6.625000,5.107770,200
1994-12-06,0.000000,7.000000,7.000000,7.000000,5.396890,40000
1994-12-07,0.000000,8.000000,7.625000,7.625000,5.878756,1800
1994-12-08,0.000000,8.000000,7.875000,8.000000,6.167874,1200
1994-12-09,0.000000,8.000000,8.000000,8.000000,6.167874,100
1994-12-12,0.000000,7.625000,7.500000,7.625000,5.878756,800
1994-12-13,0.000000,8.625000,8.343750,8.343750,6.432901,21400
1994-12-14,0.000000,8.000000,8.000000,8.000000,6.167874,100
1994-12-15,0.000000,8.875000,8.500000,8.500000,6.553368,1700
1994-12-16,8.500000,8.500000,8.500000,8.500000,6.553368,0
1994-12-19,8.500000,8.500000,8.500000,8.500000,6.553368,0
1994-12-20,0.000000,9.250000,9.250000,9.250000,7.131605,1600
1994-12-21,0.000000,9.500000,9.500000,9.500000,7.324352,200
1994-12-22,0.000000,9.375000,9.250000,9.375000,7.227977,700
1994-12-23,0.000000,9.375000,9.000000,9.000000,6.938860,2000
1994-12-27,0.000000,9.250000,9.125000,9.250000,7.131605,1100
1994-12-28,0.000000,9.750000,9.250000,9.250000,7.131605,3900
1994-12-29,0.000000,9.593750,9.500000,9.593750,7.396631,1300
1994-12-30,0.000000,9.375000,9.375000,9.375000,7.227977,600
1995-01-03,0.000000,9.500000,9.500000,9.500000,7.324352,1800
1995-01-04,9.500000,9.500000,9.500000,9.500000,7.324352,0
1995-01-05,0.000000,9.000000,8.250000,9.000000,6.938860,6400
1995-01-06,0.000000,8.500000,8.500000,8.500000,6.553368,700
1995-01-09,0.000000,8.375000,8.000000,8.000000,6.167874,2700
1995-01-10,0.000000,7.750000,7.750000,7.750000,5.975129,300
1995-01-11,0.000000,8.500000,8.250000,8.250000,6.360620,3900
1995-01-12,0.000000,9.093750,8.500000,8.906250,6.866580,2600
1995-01-13,8.906250,8.906250,8.906250,8.906250,6.866580,0
1995-01-16,8.906250,8.906250,8.906250,8.906250,6.866580,0
1995-01-17,8.906250,8.906250,8.906250,8.906250,6.866580,0
1995-01-18,8.906250,8.906250,8.906250,8.906250,6.866580,0
1995-01-19,0.000000,8.625000,8.625000,8.625000,6.649740,200
1995-01-20,0.000000,8.750000,8.750000,8.750000,6.746112,300
1995-01-23,8.750000,8.750000,8.750000,8.750000,6.746112,0
1995-01-24,0.000000,8.625000,8.500000,8.500000,6.553368,300
1995-01-25,0.000000,8.281250,8.187500,8.281250,6.384715,100000
1995-01-26,8.281250,8.281250,8.281250,8.281250,6.384715,0
1995-01-27,0.000000,8.250000,8.250000,8.250000,6.360620,100
1995-01-30,0.000000,7.750000,7.750000,7.750000,5.975129,65500
1995-01-31,0.000000,7.750000,7.750000,7.750000,5.975129,100
1995-02-01,0.000000,8.750000,8.000000,8.000000,6.167874,63400
1995-02-02,8.000000,8.000000,8.000000,8.000000,6.167874,0
1995-02-03,0.000000,8.625000,8.625000,8.625000,6.649740,300
1995-02-06,0.000000,8.500000,8.500000,8.500000,6.553368,1000
1995-02-07,8.500000,8.500000,8.500000,8.500000,6.553368,0
1995-02-08,0.000000,8.500000,8.500000,8.500000,6.553368,100
1995-02-09,8.500000,8.500000,8.500000,8.500000,6.553368,0
1995-02-10,0.000000,9.000000,9.000000,9.000000,6.938860,500
1995-02-13,9.000000,9.000000,9.000000,9.000000,6.938860,0
1995-02-14,9.000000,9.000000,9.000000,9.000000,6.938860,0
1995-02-15,0.000000,8.750000,8.750000,8.750000,6.746112,2200
1995-02-16,8.750000,8.750000,8.750000,8.750000,6.746112,0
1995-02-17,0.000000,8.750000,8.750000,8.750000,6.746112,2000
1995-02-21,0.000000,8.875000,8.750000,8.875000,6.842486,5900
1995-02-22,0.000000,8.875000,8.500000,8.875000,6.842486,500
1995-02-23,0.000000,8.750000,8.750000,8.750000,6.746112,500
1995-02-24,0.000000,8.625000,8.625000,8.625000,6.649740,1200
1995-02-27,0.000000,8.500000,8.500000,8.500000,6.553368,700
1995-02-28,8.500000,8.500000,8.500000,8.500000,6.553368,0
1995-03-01,0.000000,8.500000,8.375000,8.500000,6.553368,1500
1995-03-02,0.000000,8.375000,8.250000,8.375000,6.456994,3200
1995-03-03,8.375000,8.375000,8.375000,8.375000,6.456994,0
1995-03-06,0.000000,8.000000,8.000000,8.000000,6.167874,1200
1995-03-07,8.000000,8.000000,8.000000,8.000000,6.167874,0
1995-03-08,8.000000,8.000000,8.000000,8.000000,6.167874,0
1995-03-09,0.000000,8.250000,8.250000,8.250000,6.360620,800
1995-03-10,8.250000,8.250000,8.250000,8.250000,6.360620,0
1995-03-13,0.000000,8.875000,8.875000,8.875000,6.842486,1000
1995-03-14,0.000000,9.000000,9.000000,9.000000,6.938860,200
1995-03-15,9.000000,9.000000,9.000000,9.000000,6.938860,0
1995-03-16,0.000000,8.625000,8.625000,8.625000,6.649740,8200
1995-03-17,8.625000,8.625000,8.625000,8.625000,6.649740,0
1995-03-20,0.000000,8.625000,8.625000,8.625000,6.649740,300
1995-03-21,0.000000,8.500000,8.500000,8.500000,6.553368,400
1995-03-22,0.000000,8.375000,8.125000,8.375000,6.456994,200
1995-03-23,0.000000,8.250000,8.125000,8.250000,6.360620,1000
1995-03-24,0.000000,7.750000,7.750000,7.750000,5.975129,100
1995-03-27,7.750000,7.750000,7.750000,7.750000,5.975129,0
1995-03-28,7.750000,7.750000,7.750000,7.750000,5.975129,0
1995-03-29,0.000000,8.000000,8.000000,8.000000,6.167874,100
1995-03-30,8.000000,8.000000,8.000000,8.000000,6.167874,0
1995-03-31,0.000000,9.000000,9.000000,9.000000,6.938860,5200
1995-04-03,0.000000,9.000000,9.000000,9.000000,6.938860,300
1995-04-04,0.000000,9.125000,9.000000,9.125000,7.035232,1500
1995-04-05,0.000000,9.281250,9.000000,9.000000,6.938860,4200
1995-04-06,0.000000,9.250000,9.000000,9.250000,7.131605,1200
1995-04-07,9.250000,9.250000,9.250000,9.250000,7.131605,0
1995-04-10,0.000000,8.750000,8.500000,8.750000,6.746112,1100
1995-04-11,0.000000,8.750000,8.375000,8.531250,6.577460,152200
1995-04-12,0.000000,8.625000,8.625000,8.625000,6.649740,2300
1995-04-13,0.000000,8.500000,8.500000,8.500000,6.553368,1500
1995-04-17,8.500000,8.500000,8.500000,8.500000,6.553368,0
1995-04-18,0.000000,8.937500,8.750000,8.937500,6.890671,10000
1995-04-19,0.000000,9.125000,9.000000,9.000000,6.938860,600
1995-04-20,0.000000,8.750000,8.625000,8.625000,6.649740,2300
1995-04-21,8.625000,8.625000,8.625000,8.625000,6.649740,0
1995-04-24,0.000000,8.750000,8.625000,8.750000,6.746112,700
1995-04-25,8.750000,8.750000,8.750000,8.750000,6.746112,0
1995-04-26,8.750000,8.750000,8.750000,8.750000,6.746112,0
1995-04-27,0.000000,8.406250,8.406250,8.406250,6.481088,300
1995-04-28,0.000000,8.875000,8.875000,8.875000,6.842486,100
1995-05-01,8.875000,8.875000,8.875000,8.875000,6.842486,0
1995-05-02,0.000000,8.500000,8.500000,8.500000,6.553368,500
1995-05-03,8.500000,8.500000,8.500000,8.500000,6.553368,0
1995-05-04,0.000000,8.781250,8.781250,8.781250,6.770206,100
1995-05-05,0.000000,8.656250,8.625000,8.625000,6.649740,1600
1995-05-08,8.625000,8.625000,8.625000,8.625000,6.649740,0
1995-05-09,0.000000,8.406250,8.281250,8.406250,6.481088,500
1995-05-10,0.000000,8.187500,8.000000,8.187500,6.312433,3400
1995-05-11,8.187500,8.187500,8.187500,8.187500,6.312433,0
1995-05-12,0.000000,8.125000,7.843750,8.125000,6.264247,9300
1995-05-15,0.000000,8.250000,8.000000,8.000000,6.167874,900
1995-05-16,0.000000,8.000000,7.875000,8.000000,6.167874,400
1995-05-17,8.000000,8.000000,8.000000,8.000000,6.167874,0
1995-05-18,0.000000,8.000000,8.000000,8.000000,6.167874,500
1995-05-19,0.000000,7.375000,7.375000,7.375000,5.686010,2000
1995-05-22,7.375000,7.375000,7.375000,7.375000,5.686010,0
1995-05-23,0.000000,6.875000,6.875000,6.875000,5.300518,100
1995-05-24,6.875000,6.875000,6.875000,6.875000,5.300518,0
1995-05-25,0.000000,7.500000,7.375000,7.375000,5.686010,23600
1995-05-26,0.000000,7.500000,7.406250,7.500000,5.782382,105600
1995-05-30,0.000000,7.500000,7.500000,7.500000,5.782382,300
1995-05-31,0.000000,7.750000,7.750000,7.750000,5.975129,100
1995-06-01,0.000000,7.375000,7.375000,7.375000,5.686010,200
1995-06-02,0.000000,7.593750,7.593750,7.593750,5.854662,2000
1995-06-05,7.593750,7.593750,7.593750,7.593750,5.854662,0
1995-06-06,7.593750,7.593750,7.593750,7.593750,5.854662,0
1995-06-07,0.000000,7.375000,7.375000,7.375000,5.686010,2200
1995-06-08,7.375000,7.375000,7.375000,7.375000,5.686010,0
1995-06-09,7.375000,7.375000,7.375000,7.375000,5.686010,0
1995-06-12,0.000000,7.750000,7.750000,7.750000,5.975129,2000
1995-06-13,0.000000,7.750000,7.375000,7.375000,5.686010,57200
1995-06-14,0.000000,7.718750,7.250000,7.625000,5.878756,11900
1995-06-15,0.000000,7.875000,7.750000,7.750000,5.975129,321400
1995-06-16,0.000000,8.250000,8.125000,8.125000,6.264247,29100
1995-06-19,0.000000,8.125000,8.125000,8.125000,6.264247,700
1995-06-20,0.000000,8.500000,8.281250,8.281250,6.384715,2000
1995-06-21,8.281250,8.281250,8.281250,8.281250,6.384715,0
1995-06-22,0.000000,8.093750,8.093750,8.093750,6.240154,1000
1995-06-23,0.000000,7.875000,7.500000,7.625000,5.878756,2500
1995-06-26,7.625000,7.625000,7.625000,7.625000,5.878756,0
1995-06-27,7.625000,7.625000,7.625000,7.625000,5.878756,0
1995-06-28,7.625000,7.625000,7.625000,7.625000,5.878756,0
1995-06-29,0.000000,7.875000,7.750000,7.750000,5.975129,200
1995-06-30,7.750000,7.750000,7.750000,7.750000,5.975129,0
1995-07-03,0.000000,7.500000,7.500000,7.500000,5.782382,500
1995-07-05,7.500000,7.500000,7.500000,7.500000,5.782382,0
1995-07-06,0.000000,7.750000,7.625000,7.750000,5.975129,2100
1995-07-07,0.000000,8.000000,8.000000,8.000000,6.167874,100
1995-07-10,8.000000,8.000000,8.000000,8.000000,6.167874,0
1995-07-11,0.000000,7.781250,7.781250,7.781250,5.999222,100
1995-07-12,0.000000,7.875000,7.875000,7.875000,6.071502,100
1995-07-13,0.000000,8.062500,7.750000,7.750000,5.975129,202000
1995-07-14,0.000000,8.000000,8.000000,8.000000,6.167874,1000
1995-07-17,0.000000,7.750000,7.750000,7.750000,5.975129,100
1995-07-18,0.000000,7.937500,7.750000,7.937500,6.119688,700
1995-07-19,7.937500,7.937500,7.937500,7.937500,6.119688,0
1995-07-20,0.000000,7.781250,7.625000,7.625000,5.878756,1400
1995-07-21,0.000000,7.781250,7.781250,7.781250,5.999222,100
1995-07-24,0.000000,8.093750,8.000000,8.093750,6.240154,50800
1995-07-25,8.093750,8.093750,8.093750,8.093750,6.240154,0
1995-07-26,8.093750,8.093750,8.093750,8.093750,6.240154,0
1995-07-27,0.000000,8.906250,8.281250,8.281250,6.384715,1600
1995-07-28,0.000000,8.843750,8.843750,8.843750,6.818392,100000
1995-07-31,0.000000,9.281250,9.093750,9.187500,7.083417,36600
1995-08-01,0.000000,9.125000,9.125000,9.125000,7.035232,35100
1995-08-02,9.125000,9.125000,9.125000,9.125000,7.035232,0
1995-08-03,0.000000,9.750000,9.500000,9.750000,7.517098,2300
1995-08-04,0.000000,9.625000,9.625000,9.625000,7.420725,500
1995-08-07,9.625000,9.625000,9.625000,9.625000,7.420725,0
1995-08-08,0.000000,9.781250,9.781250,9.781250,7.541192,400
1995-08-09,0.000000,9.781250,9.500000,9.500000,7.406891,2600
1995-08-10,0.000000,9.375000,9.375000,9.375000,7.309434,600
1995-08-11,0.000000,9.250000,9.250000,9.250000,7.211973,1500
1995-08-14,9.250000,9.250000,9.250000,9.250000,7.211973,0
1995-08-15,9.250000,9.250000,9.250000,9.250000,7.211973,0
1995-08-16,0.000000,8.875000,8.500000,8.875000,6.919596,1000
1995-08-17,0.000000,8.906250,8.906250,8.906250,6.943960,500
1995-08-18,0.000000,9.125000,8.750000,9.125000,7.114516,400
1995-08-21,0.000000,9.125000,9.125000,9.125000,7.114516,100
1995-08-22,0.000000,8.750000,8.625000,8.625000,6.724678,1200
1995-08-23,0.000000,8.656250,8.656250,8.656250,6.749043,1300
1995-08-24,0.000000,8.625000,8.625000,8.625000,6.724678,100
1995-08-25,0.000000,8.875000,8.625000,8.625000,6.724678,2800
1995-08-28,0.000000,8.750000,8.625000,8.625000,6.724678,3700
1995-08-29,0.000000,9.125000,9.000000,9.000000,7.017057,3400
1995-08-30,0.000000,8.906250,8.906250,8.906250,6.943960,300
1995-08-31,0.000000,9.093750,8.593750,9.000000,7.017057,24300
1995-09-01,9.000000,9.000000,9.000000,9.000000,7.017057,0
1995-09-05,0.000000,9.000000,9.000000,9.000000,7.017057,2000
1995-09-06,9.000000,9.000000,9.000000,9.000000,7.017057,0
1995-09-07,0.000000,9.375000,9.000000,9.375000,7.309434,1500
1995-09-08,0.000000,9.250000,9.250000,9.250000,7.211973,2700
1995-09-11,0.000000,9.125000,9.125000,9.125000,7.114516,100
1995-09-12,0.000000,9.625000,9.500000,9.625000,7.504350,500
1995-09-13,9.625000,9.625000,9.625000,9.625000,7.504350,0
1995-09-14,9.625000,9.625000,9.625000,9.625000,7.504350,0
1995-09-15,0.000000,9.500000,9.000000,9.500000,7.406891,10100
1995-09-18,9.500000,9.500000,9.500000,9.500000,7.406891,0
1995-09-19,9.500000,9.500000,9.500000,9.500000,7.406891,0
1995-09-20,0.000000,9.500000,9.500000,9.500000,7.406891,1700
1995-09-21,0.000000,9.375000,9.375000,9.375000,7.309434,400
1995-09-22,0.000000,9.593750,9.406250,9.593750,7.479986,2500
1995-09-25,9.593750,9.593750,9.593750,9.593750,7.479986,0
1995-09-26,9.593750,9.593750,9.593750,9.593750,7.479986,0
1995-09-27,0.000000,7.000000,6.625000,6.750000,5.262792,10200
1995-09-28,6.750000,6.750000,6.750000,6.750000,5.262792,0
1995-09-29,0.000000,9.750000,9.500000,9.750000,7.601809,1900
1995-10-02,0.000000,9.375000,9.375000,9.375000,7.309434,300
1995-10-03,0.000000,9.093750,9.093750,9.093750,7.090150,200
1995-10-04,0.000000,9.250000,9.250000,9.250000,7.211973,100
1995-10-05,9.250000,9.250000,9.250000,9.250000,7.211973,0
1995-10-06,9.250000,9.250000,9.250000,9.250000,7.211973,0
1995-10-09,0.000000,9.375000,9.375000,9.375000,7.309434,100
1995-10-10,0.000000,9.375000,9.375000,9.375000,7.309434,1100
1995-10-11,9.375000,9.375000,9.375000,9.375000,7.309434,0
1995-10-12,0.000000,9.406250,9.406250,9.406250,7.333797,100
1995-10-13,9.406250,9.406250,9.406250,9.406250,7.333797,0
1995-10-16,0.000000,9.406250,9.406250,9.406250,7.333797,1600
1995-10-17,0.000000,9.375000,9.000000,9.000000,7.017057,1900
1995-10-18,9.000000,9.000000,9.000000,9.000000,7.017057,0
1995-10-19,0.000000,8.875000,8.750000,8.875000,6.919596,2200
1995-10-20,0.000000,8.500000,8.500000,8.500000,6.627221,100
1995-10-23,0.000000,8.906250,8.781250,8.781250,6.846502,700
1995-10-24,0.000000,8.875000,8.875000,8.875000,6.919596,200
1995-10-25,8.875000,8.875000,8.875000,8.875000,6.919596,0
1995-10-26,0.000000,8.531250,8.500000,8.500000,6.627221,30200
1995-10-27,8.500000,8.500000,8.500000,8.500000,6.627221,0
1995-10-30,8.500000,8.500000,8.500000,8.500000,6.627221,0
1995-10-31,0.000000,8.250000,8.250000,8.250000,6.432301,100
1995-11-01,0.000000,8.406250,8.281250,8.281250,6.456666,800
1995-11-02,8.281250,8.281250,8.281250,8.281250,6.456666,0
1995-11-03,0.000000,8.625000,8.625000,8.625000,6.724678,2000
1995-11-06,0.000000,8.500000,8.500000,8.500000,6.627221,100
1995-11-07,0.000000,8.593750,8.500000,8.500000,6.627221,600
1995-11-08,0.000000,9.250000,9.000000,9.125000,7.114516,1100
1995-11-09,0.000000,9.250000,9.250000,9.250000,7.211973,200
1995-11-10,0.000000,10.000000,10.000000,10.000000,7.796728,500
1995-11-13,0.000000,10.000000,10.000000,10.000000,7.796728,500
1995-11-14,0.000000,9.500000,9.500000,9.500000,7.406891,800
1995-11-15,0.000000,9.500000,9.500000,9.500000,7.406891,2000
1995-11-16,9.500000,9.500000,9.500000,9.500000,7.406891,0
1995-11-17,9.500000,9.500000,9.500000,9.500000,7.406891,0
1995-11-20,0.000000,9.281250,9.281250,9.281250,7.236340,300
1995-11-21,0.000000,9.375000,9.031250,9.250000,7.211973,20000
1995-11-22,0.000000,8.500000,8.500000,8.500000,6.627221,400
1995-11-24,0.000000,8.875000,8.875000,8.875000,6.919596,100
1995-11-27,0.000000,8.875000,8.625000,8.875000,6.919596,500
1995-11-28,0.000000,9.125000,9.125000,9.125000,7.114516,100
1995-11-29,9.125000,9.125000,9.125000,9.125000,7.114516,0
1995-11-30,9.125000,9.125000,9.125000,9.125000,7.114516,0
1995-12-01,0.000000,8.750000,8.750000,8.750000,6.822137,500
1995-12-04,0.000000,8.781250,8.781250,8.781250,6.846502,300
1995-12-05,8.781250,8.781250,8.781250,8.781250,6.846502,0
1995-12-06,8.781250,8.781250,8.781250,8.781250,6.846502,0
1995-12-07,0.000000,9.375000,9.000000,9.000000,7.017057,700
1995-12-08,0.000000,9.281250,9.281250,9.281250,7.236340,900
1995-12-11,0.000000,9.281250,9.125000,9.281250,7.236340,1100
1995-12-12,9.281250,9.281250,9.281250,9.281250,7.236340,0
1995-12-13,0.000000,8.875000,8.875000,8.875000,6.919596,1800
1995-12-14,8.875000,8.875000,8.875000,8.875000,6.919596,0
1995-12-15,8.875000,8.875000,8.875000,8.875000,6.919596,0
1995-12-18,0.000000,9.000000,8.750000,8.750000,6.822137,500
1995-12-19,8.750000,8.750000,8.750000,8.750000,6.822137,0
1995-12-20,0.000000,9.000000,8.625000,8.625000,6.724678,300
1995-12-21,0.000000,8.625000,8.281250,8.625000,6.724678,2300
1995-12-22,0.000000,8.593750,8.593750,8.593750,6.700314,100
1995-12-26,0.000000,8.593750,8.593750,8.593750,6.700314,500
1995-12-27,0.000000,8.781250,8.500000,8.500000,6.627221,15300
1995-12-28,0.000000,8.500000,8.500000,8.500000,6.627221,100
1995-12-29,0.000000,8.875000,8.500000,8.625000,6.724678,2400
1996-01-02,0.000000,8.875000,8.875000,8.875000,6.919596,2000
1996-01-03,0.000000,9.375000,9.125000,9.125000,7.114516,45500
1996-01-04,0.000000,9.750000,9.375000,9.750000,7.601809,108800
1996-01-05,0.000000,10.093750,9.843750,9.875000,7.699270,220800
1996-01-08,9.875000,9.875000,9.875000,9.875000,7.699270,0
1996-01-09,0.000000,10.375000,9.875000,9.875000,7.699270,1400
1996-01-10,0.000000,11.500000,10.375000,11.500000,8.966237,58200
1996-01-11,0.000000,10.781250,10.625000,10.625000,8.284024,50400
1996-01-12,0.000000,10.593750,10.281250,10.281250,8.016009,100100
1996-01-15,10.281250,10.281250,10.281250,10.281250,8.016009,0
1996-01-16,0.000000,10.375000,10.250000,10.375000,8.089105,57800
1996-01-17,0.000000,10.281250,10.281250,10.281250,8.016009,400
1996-01-18,0.000000,10.500000,10.125000,10.125000,7.894186,2900
1996-01-19,10.125000,10.125000,10.125000,10.125000,7.894186,0
1996-01-22,0.000000,11.000000,10.750000,11.000000,8.576403,52500
1996-01-23,0.000000,10.781250,10.781250,10.781250,8.405848,2500
1996-01-24,0.000000,10.500000,10.500000,10.500000,8.186564,300
1996-01-25,0.000000,10.781250,10.781250,10.781250,8.405848,1000
1996-01-26,0.000000,11.187500,11.000000,11.000000,8.576403,7400
1996-01-29,0.000000,10.937500,10.750000,10.875000,8.478941,22000
1996-01-30,0.000000,11.250000,11.250000,11.250000,8.771319,4600
1996-01-31,0.000000,11.000000,11.000000,11.000000,8.576403,3900
1996-02-01,0.000000,12.250000,11.625000,12.250000,9.550991,36000
1996-02-02,0.000000,13.125000,12.500000,12.500000,9.745912,109700
1996-02-05,0.000000,12.875000,12.500000,12.875000,10.038286,1200
1996-02-06,0.000000,12.875000,12.500000,12.500000,9.745912,3300
1996-02-07,0.000000,12.875000,12.750000,12.750000,9.940829,200
1996-02-08,0.000000,12.625000,12.500000,12.500000,9.745912,8000
1996-02-09,0.000000,12.375000,12.250000,12.375000,9.648453,2800
1996-02-12,0.000000,11.906250,11.906250,11.906250,9.282981,1500
1996-02-13,0.000000,12.125000,11.625000,12.125000,9.453532,13500
1996-02-14,12.125000,12.125000,12.125000,12.125000,9.453532,0
1996-02-15,0.000000,12.375000,12.000000,12.250000,9.550991,2100
1996-02-16,0.000000,12.125000,12.125000,12.125000,9.453532,100
1996-02-20,0.000000,12.250000,12.062500,12.250000,9.550991,5700
1996-02-21,0.000000,11.875000,11.125000,11.750000,9.161157,1500
1996-02-22,0.000000,12.187500,11.781250,11.781250,9.185522,10900
1996-02-23,0.000000,11.875000,11.875000,11.875000,9.258615,1800
1996-02-26,0.000000,12.500000,12.125000,12.375000,9.648453,700
1996-02-27,0.000000,12.500000,12.375000,12.500000,9.745912,600
1996-02-28,0.000000,12.500000,12.125000,12.125000,9.453532,700
1996-02-29,0.000000,13.000000,12.625000,12.625000,9.843369,12000
1996-03-01,0.000000,13.125000,13.000000,13.125000,10.233205,12400
1996-03-04,0.000000,12.500000,12.500000,12.500000,9.745912,2500
1996-03-05,0.000000,12.125000,11.875000,11.875000,9.258615,1500
1996-03-06,0.000000,12.125000,12.125000,12.125000,9.453532,5300
1996-03-07,12.125000,12.125000,12.125000,12.125000,9.453532,0
1996-03-08,12.125000,12.125000,12.125000,12.125000,9.453532,0
1996-03-11,0.000000,12.750000,12.125000,12.750000,9.940829,9100
1996-03-12,0.000000,12.937500,12.375000,12.937500,10.087016,11700
1996-03-13,0.000000,12.750000,12.625000,12.625000,9.843369,3200
1996-03-14,0.000000,13.125000,13.000000,13.125000,10.233205,20100
1996-03-15,0.000000,13.250000,13.000000,13.250000,10.330666,9800
1996-03-18,0.000000,13.125000,13.125000,13.125000,10.233205,8700
1996-03-19,0.000000,12.875000,12.750000,12.875000,10.038286,2000
1996-03-20,0.000000,13.125000,12.625000,13.125000,10.233205,8600
1996-03-21,0.000000,13.000000,12.500000,12.875000,10.038286,5200
1996-03-22,0.000000,13.375000,12.906250,13.250000,10.330666,16900
1996-03-25,0.000000,13.125000,13.125000,13.125000,10.233205,900
1996-03-26,0.000000,13.625000,13.625000,13.625000,10.623041,200
1996-03-27,0.000000,13.125000,13.125000,13.125000,10.233205,9800
1996-03-28,0.000000,13.000000,13.000000,13.000000,10.135747,3100
1996-03-29,0.000000,12.875000,12.875000,12.875000,10.038286,5000
1996-04-01,0.000000,12.781250,12.625000,12.625000,9.843369,3800
1996-04-02,0.000000,12.375000,12.375000,12.375000,9.648453,100
1996-04-03,12.375000,12.375000,12.375000,12.375000,9.648453,0
1996-04-04,0.000000,12.000000,12.000000,12.000000,9.356073,100
1996-04-08,12.000000,12.000000,12.000000,12.000000,9.356073,0
1996-04-09,12.000000,12.000000,12.000000,12.000000,9.356073,0
1996-04-10,0.000000,11.937500,11.750000,11.750000,9.161157,10100
1996-04-11,0.000000,12.125000,12.125000,12.125000,9.453532,120000
1996-04-12,0.000000,12.031250,12.031250,12.031250,9.380440,100200
1996-04-15,0.000000,11.625000,11.625000,11.625000,9.063697,800
1996-04-16,0.000000,11.875000,11.875000,11.875000,9.258615,400
1996-04-17,11.875000,11.875000,11.875000,11.875000,9.258615,0
1996-04-18,11.875000,11.875000,11.875000,11.875000,9.258615,0
1996-04-19,0.000000,11.750000,11.500000,11.750000,9.161157,4300
1996-04-22,0.000000,11.687500,11.375000,11.375000,8.868776,5200
1996-04-23,0.000000,11.625000,11.500000,11.500000,8.966237,500
1996-04-24,0.000000,11.500000,11.250000,11.250000,8.771319,4100
1996-04-25,11.250000,11.250000,11.250000,11.250000,8.771319,0
1996-04-26,0.000000,11.500000,11.250000,11.500000,8.966237,2300
1996-04-29,0.000000,11.250000,11.250000,11.250000,8.771319,300
1996-04-30,11.250000,11.250000,11.250000,11.250000,8.771319,0
1996-05-01,11.250000,11.250000,11.250000,11.250000,8.771319,0
1996-05-02,0.000000,11.750000,11.375000,11.375000,8.868776,237900
1996-05-03,0.000000,11.375000,11.375000,11.375000,8.868776,300
1996-05-06,0.000000,11.500000,11.125000,11.125000,8.673862,11900
1996-05-07,11.125000,11.125000,11.125000,11.125000,8.673862,0
1996-05-08,0.000000,11.375000,11.250000,11.375000,8.868776,700
1996-05-09,0.000000,11.187500,11.187500,11.187500,8.722589,16500
1996-05-10,11.187500,11.187500,11.187500,11.187500,8.722589,0
1996-05-13,0.000000,11.250000,10.875000,10.875000,8.478941,21000
1996-05-14,0.000000,11.406250,11.312500,11.406250,8.893142,76000
1996-05-15,0.000000,11.625000,11.250000,11.593750,9.039332,14400
1996-05-16,0.000000,11.531250,11.531250,11.531250,8.990602,2600
1996-05-17,0.000000,11.625000,11.375000,11.500000,8.966237,8400
1996-05-20,0.000000,11.375000,11.375000,11.375000,8.868776,100
1996-05-21,0.000000,11.375000,11.250000,11.375000,8.868776,500
1996-05-22,0.000000,11.500000,11.250000,11.250000,8.771319,40200
1996-05-23,0.000000,11.500000,11.343750,11.343750,8.844414,16500
1996-05-24,0.000000,11.406250,11.281250,11.406250,8.893142,7700
1996-05-28,0.000000,11.500000,11.500000,11.500000,8.966237,240800
1996-05-29,0.000000,11.500000,11.500000,11.500000,8.966237,500
1996-05-30,0.000000,11.375000,11.375000,11.375000,8.868776,100
1996-05-31,11.375000,11.375000,11.375000,11.375000,8.868776,0
1996-06-03,0.000000,11.375000,11.375000,11.375000,8.868776,400
1996-06-04,11.375000,11.375000,11.375000,11.375000,8.868776,0
1996-06-05,0.000000,11.000000,11.000000,11.000000,8.576403,400
1996-06-06,0.000000,11.000000,11.000000,11.000000,8.576403,200
1996-06-07,11.000000,11.000000,11.000000,11.000000,8.576403,0
1996-06-10,0.000000,10.000000,9.875000,9.875000,7.699270,1400
1996-06-11,0.000000,9.875000,9.875000,9.875000,7.699270,100
1996-06-12,9.875000,9.875000,9.875000,9.875000,7.699270,0
1996-06-13,9.875000,9.875000,9.875000,9.875000,7.699270,0
1996-06-14,0.000000,9.500000,9.500000,9.500000,7.406891,1000
1996-06-17,0.000000,9.625000,9.625000,9.625000,7.504350,300
1996-06-18,9.625000,9.625000,9.625000,9.625000,7.504350,0
1996-06-19,9.625000,9.625000,9.625000,9.625000,7.504350,0
1996-06-20,9.625000,9.625000,9.625000,9.625000,7.504350,0
1996-06-21,9.625000,9.625000,9.625000,9.625000,7.504350,0
1996-06-24,0.000000,9.625000,9.625000,9.625000,7.504350,40800
1996-06-25,9.625000,9.625000,9.625000,9.625000,7.504350,0
1996-06-26,9.625000,9.625000,9.625000,9.625000,7.504350,0
1996-06-27,9.625000,9.625000,9.625000,9.625000,7.504350,0
1996-06-28,0.000000,9.500000,9.500000,9.500000,7.406891,400
1996-07-01,0.000000,9.500000,9.500000,9.500000,7.406891,1000
1996-07-02,9.500000,9.500000,9.500000,9.500000,7.406891,0
1996-07-03,0.000000,10.156250,10.156250,10.156250,7.918551,400
1996-07-05,0.000000,10.500000,10.500000,10.500000,8.186564,20300
1996-07-08,0.000000,10.875000,10.500000,10.812500,8.430213,75200
1996-07-09,0.000000,11.000000,10.625000,11.000000,8.576403,6600
1996-07-10,0.000000,11.000000,11.000000,11.000000,8.576403,6100
1996-07-11,0.000000,11.187500,10.750000,11.031250,8.600764,52600
1996-07-12,0.000000,10.500000,10.500000,10.500000,8.186564,600
1996-07-15,10.500000,10.500000,10.500000,10.500000,8.186564,0
1996-07-16,0.000000,10.125000,10.125000,10.125000,7.894186,2800
1996-07-17,0.000000,10.500000,10.375000,10.500000,8.186564,70000
1996-07-18,0.000000,10.500000,10.000000,10.500000,8.186564,103000
1996-07-19,0.000000,10.375000,10.125000,10.281250,8.016009,14800
1996-07-22,10.281250,10.281250,10.281250,10.281250,8.016009,0
1996-07-23,0.000000,10.500000,10.187500,10.250000,7.991646,33300
1996-07-24,0.000000,10.406250,10.156250,10.156250,7.918551,100300
1996-07-25,0.000000,10.187500,10.187500,10.187500,7.942917,144000
1996-07-26,0.000000,10.125000,10.125000,10.125000,7.894186,17000
1996-07-29,0.000000,10.218750,9.875000,10.218750,7.967281,52000
1996-07-30,0.000000,9.906250,9.906250,9.906250,7.723636,10000
1996-07-31,0.000000,10.093750,9.875000,10.093750,7.869823,511200
1996-08-01,10.093750,10.093750,10.093750,10.093750,7.869823,0
1996-08-02,0.000000,10.125000,10.125000,10.125000,7.894186,56500
1996-08-05,0.000000,10.125000,10.000000,10.125000,7.894186,1900
1996-08-06,10.125000,10.125000,10.125000,10.125000,7.894186,0
1996-08-07,10.125000,10.125000,10.125000,10.125000,7.894186,0
1996-08-08,10.125000,10.125000,10.125000,10.125000,7.894186,0
1996-08-09,10.125000,10.125000,10.125000,10.125000,7.894186,0
1996-08-12,0.000000,9.687500,9.687500,9.687500,7.553078,300
1996-08-13,9.687500,9.687500,9.687500,9.687500,7.553078,0
1996-08-14,0.000000,9.625000,9.625000,9.625000,7.504350,300
1996-08-15,0.000000,9.625000,9.531250,9.593750,7.479986,11800
1996-08-16,9.593750,9.593750,9.593750,9.593750,7.479986,0
1996-08-19,0.000000,9.437500,9.437500,9.437500,7.358163,400
1996-08-20,9.437500,9.437500,9.437500,9.437500,7.358163,0
1996-08-21,0.000000,9.625000,9.625000,9.625000,7.504350,300
1996-08-22,0.000000,9.125000,9.125000,9.125000,7.114516,100
1996-08-23,0.000000,9.406250,9.250000,9.250000,7.211973,600
1996-08-26,0.000000,9.500000,9.406250,9.406250,7.333797,1600
1996-08-27,0.000000,9.531250,9.531250,9.531250,7.431258,100
1996-08-28,0.000000,9.687500,9.500000,9.500000,7.406891,4900
1996-08-29,9.500000,9.500000,9.500000,9.500000,7.406891,0
1996-08-30,0.000000,9.750000,9.750000,9.750000,7.601809,500
1996-09-03,0.000000,10.125000,10.125000,10.125000,7.894186,3000
1996-09-04,0.000000,9.875000,9.875000,9.875000,7.699270,100
1996-09-05,0.000000,10.125000,9.875000,9.875000,7.699270,600
1996-09-06,0.000000,10.000000,9.625000,9.625000,7.504350,900
1996-09-09,9.625000,9.625000,9.625000,9.625000,7.504350,0
1996-09-10,0.000000,9.500000,9.375000,9.375000,7.309434,1100
1996-09-11,0.000000,9.500000,9.500000,9.500000,7.406891,1500
1996-09-12,0.000000,9.500000,9.500000,9.500000,7.406891,1300
1996-09-13,0.000000,9.375000,9.375000,9.375000,7.309434,300
1996-09-16,0.000000,9.500000,9.375000,9.500000,7.406891,4100
1996-09-17,0.000000,9.531250,9.500000,9.531250,7.431258,1300
1996-09-18,0.000000,9.500000,9.125000,9.500000,7.406891,2700
1996-09-19,9.500000,9.500000,9.500000,9.500000,7.406891,0
1996-09-20,0.000000,9.500000,9.500000,9.500000,7.406891,3100
1996-09-23,0.000000,8.625000,8.500000,8.500000,6.627221,2200
1996-09-24,0.000000,8.750000,8.625000,8.625000,6.724678,5100
1996-09-25,0.000000,8.750000,8.500000,8.750000,6.822137,1300
1996-09-26,0.000000,8.250000,8.250000,8.250000,6.432301,4600
1996-09-27,0.000000,8.875000,8.375000,8.375000,6.529759,1300
1996-09-30,8.250000,8.250000,8.250000,8.250000,6.432301,16300
1996-10-01,8.000000,8.000000,8.000000,8.000000,6.237382,2300
1996-10-02,8.000000,8.000000,8.000000,8.000000,6.237382,0
1996-10-03,8.250000,8.375000,8.250000,8.375000,6.529759,10400
1996-10-04,8.250000,8.250000,8.250000,8.250000,6.432301,6700
1996-10-07,8.312500,8.312500,8.250000,8.265625,6.444484,28600
1996-10-08,8.375000,8.375000,8.250000,8.250000,6.432301,9300
1996-10-09,8.375000,8.375000,8.234375,8.250000,6.432301,35800
1996-10-10,8.250000,8.250000,8.250000,8.250000,6.432301,0
1996-10-11,8.125000,8.125000,8.125000,8.125000,6.334841,200
1996-10-14,8.125000,8.125000,8.125000,8.125000,6.334841,5000
1996-10-15,8.062500,8.125000,8.062500,8.125000,6.334841,114300
1996-10-16,8.125000,8.125000,7.984375,8.000000,6.237382,161300
1996-10-17,8.000000,8.000000,8.000000,8.000000,6.237382,0
1996-10-18,8.000000,8.000000,8.000000,8.000000,6.237382,1000
1996-10-21,8.000000,8.000000,8.000000,8.000000,6.237382,0
1996-10-22,7.875000,7.875000,7.875000,7.875000,6.139924,100
1996-10-23,7.875000,7.875000,7.875000,7.875000,6.139924,100
1996-10-24,7.875000,7.875000,7.875000,7.875000,6.139924,0
1996-10-25,7.875000,7.875000,7.875000,7.875000,6.139924,0
1996-10-28,7.750000,7.750000,7.750000,7.750000,6.042465,300
1996-10-29,7.734375,7.734375,7.593750,7.625000,5.945007,50400
1996-10-30,7.625000,7.625000,7.625000,7.625000,5.945007,0
1996-10-31,7.625000,7.625000,7.500000,7.500000,5.847545,21500
1996-11-01,7.500000,7.500000,7.500000,7.500000,5.847545,100
1996-11-04,7.500000,7.500000,7.500000,7.500000,5.847545,0
1996-11-05,7.937500,8.062500,7.937500,7.937500,6.188653,42100
1996-11-06,7.937500,7.937500,7.875000,7.875000,6.139924,5700
1996-11-07,7.750000,8.125000,7.750000,8.125000,6.334841,6100
1996-11-08,8.000000,8.000000,7.875000,7.875000,6.139924,3700
1996-11-11,7.750000,7.750000,7.750000,7.750000,6.042465,2100
1996-11-12,7.750000,7.750000,7.750000,7.750000,6.042465,0
1996-11-13,8.000000,8.000000,7.906250,7.906250,6.164289,12300
1996-11-14,7.953125,8.015625,7.812500,7.812500,6.091195,124100
1996-11-15,7.812500,8.125000,7.812500,8.125000,6.334841,3400
1996-11-18,8.125000,8.125000,8.125000,8.125000,6.334841,0
1996-11-19,8.125000,8.125000,8.125000,8.125000,6.334841,6000
1996-11-20,8.125000,8.250000,8.125000,8.250000,6.432301,11500
1996-11-21,8.312500,8.312500,8.250000,8.250000,6.432301,3500
1996-11-22,8.250000,8.250000,8.250000,8.250000,6.432301,0
1996-11-25,8.187500,8.375000,8.000000,8.000000,6.237382,6300
1996-11-26,8.125000,8.125000,7.937500,8.000000,6.237382,10300
1996-11-27,8.062500,8.062500,8.062500,8.062500,6.286112,3000
1996-11-29,8.000000,8.000000,7.875000,7.875000,6.139924,12900
1996-12-02,7.875000,7.875000,7.875000,7.875000,6.139924,0
1996-12-03,7.625000,7.625000,7.250000,7.250000,5.652629,15500
1996-12-04,7.500000,7.500000,7.500000,7.500000,5.847545,2600
1996-12-05,7.375000,7.375000,7.375000,7.375000,5.750086,100
1996-12-06,7.500000,7.500000,7.500000,7.500000,5.847545,400
1996-12-09,7.500000,7.500000,7.500000,7.500000,5.847545,200
1996-12-10,7.500000,7.750000,7.500000,7.750000,6.042465,1200
1996-12-11,7.625000,7.687500,7.625000,7.687500,5.993734,204000
1996-12-12,7.625000,7.625000,7.625000,7.625000,5.945007,2600
1996-12-13,7.625000,7.625000,7.625000,7.625000,5.945007,2100
1996-12-16,7.625000,7.625000,7.625000,7.625000,5.945007,0
1996-12-17,7.625000,7.625000,7.546875,7.625000,5.945007,108700
1996-12-18,7.750000,7.750000,7.625000,7.625000,5.945007,300
1996-12-19,7.625000,7.640625,7.609375,7.609375,5.932823,146900
1996-12-20,7.625000,7.625000,7.625000,7.625000,5.945007,1000
1996-12-23,7.625000,7.625000,7.625000,7.625000,5.945007,1700
1996-12-24,7.625000,7.625000,7.625000,7.625000,5.945007,3500
1996-12-26,7.625000,7.625000,7.625000,7.625000,5.945007,9000
1996-12-27,7.625000,7.687500,7.500000,7.500000,5.847545,52900
1996-12-30,7.875000,7.875000,7.750000,7.750000,6.042465,15000
1996-12-31,7.875000,7.875000,7.875000,7.875000,6.139924,4100
1997-01-02,7.875000,7.875000,7.875000,7.875000,6.139924,0
1997-01-03,7.750000,7.875000,7.750000,7.875000,6.139924,12600
1997-01-06,7.812500,7.812500,7.687500,7.687500,5.993734,45400
1997-01-07,7.875000,7.875000,7.750000,7.750000,6.042465,600
1997-01-08,7.750000,7.750000,7.500000,7.500000,5.847545,15900
1997-01-09,7.875000,7.875000,7.875000,7.875000,6.139924,5000
1997-01-10,8.000000,8.375000,8.000000,8.375000,6.529759,25900
1997-01-13,8.750000,8.750000,8.625000,8.625000,6.724678,1700
1997-01-14,8.687500,8.687500,8.500000,8.500000,6.627221,17300
1997-01-15,8.375000,8.375000,8.250000,8.250000,6.432301,3600
1997-01-16,8.250000,8.500000,8.250000,8.500000,6.627221,1200
1997-01-17,8.375000,8.375000,8.375000,8.375000,6.529759,1000
1997-01-20,8.250000,8.250000,8.250000,8.250000,6.432301,1000
1997-01-21,8.312500,8.312500,8.312500,8.312500,6.481030,8800
1997-01-22,8.312500,8.312500,8.312500,8.312500,6.481030,0
1997-01-23,8.125000,8.250000,8.125000,8.125000,6.334841,2900
1997-01-24,8.125000,8.125000,8.125000,8.125000,6.334841,60000
1997-01-27,8.187500,8.187500,8.187500,8.187500,6.383572,100
1997-01-28,8.375000,8.375000,8.312500,8.312500,6.481030,3600
1997-01-29,8.375000,8.375000,8.375000,8.375000,6.529759,100
1997-01-30,8.312500,8.312500,8.312500,8.312500,6.481030,9500
1997-01-31,8.343750,8.343750,8.250000,8.250000,6.432301,6200
1997-02-03,8.437500,8.437500,8.437500,8.437500,6.578488,2000
1997-02-04,8.375000,8.375000,8.375000,8.375000,6.529759,6000
1997-02-05,8.375000,8.375000,8.375000,8.375000,6.529759,700
1997-02-06,8.375000,8.375000,8.375000,8.375000,6.529759,0
1997-02-07,8.375000,8.375000,8.375000,8.375000,6.529759,0
1997-02-10,8.375000,8.562500,8.375000,8.500000,6.627221,3500
1997-02-11,8.375000,8.375000,8.375000,8.375000,6.529759,10000
1997-02-12,8.375000,8.625000,8.375000,8.625000,6.724678,3000
1997-02-13,8.500000,8.750000,8.500000,8.750000,6.822137,104100
1997-02-14,8.781250,9.000000,8.750000,9.000000,7.017057,16600
1997-02-18,9.000000,9.000000,9.000000,9.000000,7.017057,0
1997-02-19,8.625000,8.625000,8.625000,8.625000,6.724678,100
1997-02-20,8.625000,8.875000,8.500000,8.625000,6.724678,32100
1997-02-21,8.500000,8.500000,8.500000,8.500000,6.627221,2000
1997-02-24,8.500000,8.500000,8.500000,8.500000,6.627221,0
1997-02-25,8.500000,8.500000,8.500000,8.500000,6.627221,0
1997-02-26,8.421875,8.625000,8.421875,8.625000,6.724678,26500
1997-02-27,8.421875,8.500000,8.421875,8.500000,6.627221,3400
1997-02-28,8.421875,8.421875,8.421875,8.421875,6.566308,600
1997-03-03,8.625000,8.625000,8.625000,8.625000,6.724678,6200
1997-03-04,8.625000,8.625000,8.625000,8.625000,6.724678,0
1997-03-05,8.625000,8.625000,8.625000,8.625000,6.724678,0
1997-03-06,8.625000,8.625000,8.625000,8.625000,6.724678,0
1997-03-07,8.625000,8.625000,8.625000,8.625000,6.724678,800
1997-03-10,8.625000,8.625000,8.625000,8.625000,6.724678,2500
1997-03-11,8.625000,8.625000,8.625000,8.625000,6.724678,37200
1997-03-12,8.671875,8.796875,8.625000,8.796875,6.858683,17500
1997-03-13,8.750000,8.796875,8.625000,8.796875,6.858683,2200
1997-03-14,8.625000,8.750000,8.625000,8.750000,6.822137,5600
1997-03-17,8.750000,8.750000,8.750000,8.750000,6.822137,3400
1997-03-18,8.750000,8.750000,8.750000,8.750000,6.822137,0
1997-03-19,8.750000,8.750000,8.625000,8.625000,6.724678,1200
1997-03-20,8.750000,8.828125,8.671875,8.828125,6.883049,100600
1997-03-21,8.671875,8.671875,8.671875,8.671875,6.761224,600
1997-03-24,8.750000,8.750000,8.625000,8.750000,6.822137,7500
1997-03-25,8.546875,8.546875,8.375000,8.500000,6.627221,8800
1997-03-26,8.296875,8.546875,8.296875,8.546875,6.663766,2000
1997-03-27,8.250000,8.250000,8.125000,8.125000,6.334841,15400
1997-03-31,8.125000,8.125000,8.125000,8.125000,6.334841,1000
1997-04-01,8.046875,8.046875,7.671875,7.671875,5.981553,149900
1997-04-02,7.671875,7.875000,7.546875,7.546875,5.884094,2700
1997-04-03,7.500000,7.500000,7.375000,7.375000,5.750086,200
1997-04-04,7.500000,7.500000,7.500000,7.500000,5.847545,200
1997-04-07,7.500000,7.500000,7.500000,7.500000,5.847545,200
1997-04-08,7.671875,7.671875,7.671875,7.671875,5.981553,200
1997-04-09,7.671875,7.750000,7.671875,7.750000,6.042465,9700
1997-04-10,7.671875,7.671875,7.671875,7.671875,5.981553,3500
1997-04-11,7.625000,7.625000,7.625000,7.625000,5.945007,3200
1997-04-14,7.500000,7.500000,7.500000,7.500000,5.847545,400
1997-04-15,7.500000,7.500000,7.500000,7.500000,5.847545,600
1997-04-16,7.125000,7.421875,7.125000,7.421875,5.786634,7400
1997-04-17,7.125000,7.375000,7.125000,7.375000,5.750086,7700
1997-04-18,7.171875,7.171875,7.171875,7.171875,5.591716,700
1997-04-21,7.171875,7.171875,7.171875,7.171875,5.591716,0
1997-04-22,7.500000,7.500000,7.500000,7.500000,5.847545,2000
1997-04-23,7.500000,7.500000,7.500000,7.500000,5.847545,0
1997-04-24,7.250000,7.250000,7.250000,7.250000,5.652629,200
1997-04-25,7.375000,7.375000,7.375000,7.375000,5.750086,2000
1997-04-28,7.125000,7.296875,7.125000,7.296875,5.689176,900
1997-04-29,7.000000,7.046875,6.890625,7.046875,5.494257,12400
1997-04-30,6.750000,7.000000,6.750000,7.000000,5.457709,6300
1997-05-01,7.000000,7.000000,7.000000,7.000000,5.457709,0
1997-05-02,6.796875,6.828125,6.750000,6.750000,5.262792,10500
1997-05-05,6.750000,7.000000,6.750000,7.000000,5.457709,7300
1997-05-06,6.750000,6.750000,6.750000,6.750000,5.262792,700
1997-05-07,6.625000,6.625000,6.625000,6.625000,5.165333,5800
1997-05-08,6.625000,6.625000,6.625000,6.625000,5.165333,0
1997-05-09,7.000000,7.046875,7.000000,7.000000,5.457709,2200
1997-05-12,6.921875,7.000000,6.921875,6.921875,5.396797,1000
1997-05-13,7.171875,7.250000,7.171875,7.250000,5.652629,28400
1997-05-14,7.171875,7.171875,7.125000,7.125000,5.555170,3000
1997-05-15,7.125000,7.125000,7.125000,7.125000,5.555170,0
1997-05-16,7.125000,7.125000,7.125000,7.125000,5.555170,4200
1997-05-19,7.000000,7.000000,7.000000,7.000000,5.457709,200
1997-05-20,6.890625,6.890625,6.890625,6.890625,5.372433,200
1997-05-21,7.046875,7.046875,7.046875,7.046875,5.494257,100
1997-05-22,7.046875,7.046875,7.046875,7.046875,5.494257,0
1997-05-23,6.921875,6.921875,6.921875,6.921875,5.396797,400
1997-05-27,6.796875,6.796875,6.796875,6.796875,5.299339,100
1997-05-28,6.796875,6.796875,6.796875,6.796875,5.299339,400
1997-05-29,7.000000,7.000000,7.000000,7.000000,5.457709,3200
1997-05-30,7.000000,7.000000,6.921875,6.921875,5.396797,1500
1997-06-02,6.750000,6.750000,6.625000,6.750000,5.262792,6600
1997-06-03,6.875000,6.875000,6.625000,6.625000,5.165333,400
1997-06-04,6.625000,6.625000,6.546875,6.625000,5.165333,30000
1997-06-05,6.500000,6.500000,6.500000,6.500000,5.067873,29100
1997-06-06,6.375000,6.500000,6.375000,6.500000,5.067873,7200
1997-06-09,6.375000,6.375000,6.375000,6.375000,4.970415,9300
1997-06-10,6.500000,6.500000,6.375000,6.500000,5.067873,4500
1997-06-11,6.375000,6.500000,6.375000,6.500000,5.067873,2900
1997-06-12,6.296875,6.421875,6.250000,6.250000,4.872956,22100
1997-06-13,6.250000,6.375000,6.250000,6.375000,4.970415,23400
1997-06-16,6.375000,6.375000,6.375000,6.375000,4.970415,700
1997-06-17,6.046875,6.046875,6.046875,6.046875,4.714584,2600
1997-06-18,6.000000,6.000000,5.875000,5.875000,4.580578,15800
1997-06-19,5.750000,5.750000,5.500000,5.500000,4.288201,12400
1997-06-20,5.500000,5.500000,5.500000,5.500000,4.288201,0
1997-06-23,5.296875,5.296875,5.296875,5.296875,4.129830,3500
1997-06-24,5.375000,5.375000,5.250000,5.250000,4.093282,600
1997-06-25,5.250000,5.250000,5.125000,5.125000,3.995823,2400
1997-06-26,5.046875,5.125000,5.031250,5.125000,3.995823,61800
1997-06-27,4.921875,4.921875,4.750000,4.750000,3.703446,54400
1997-06-30,4.750000,4.750000,4.500000,4.625000,3.605987,86500
1997-07-01,4.625000,4.625000,4.500000,4.500000,3.508529,13100
1997-07-02,4.515625,4.546875,4.421875,4.421875,3.447615,18300
1997-07-03,4.421875,4.421875,4.421875,4.421875,3.447615,0
1997-07-07,4.000000,4.375000,4.000000,4.250000,3.313610,19600
1997-07-08,4.250000,4.250000,4.125000,4.125000,3.216150,300
1997-07-09,4.125000,4.125000,4.125000,4.125000,3.216150,0
1997-07-10,4.375000,4.375000,4.125000,4.125000,3.216150,2100
1997-07-11,4.375000,4.750000,4.375000,4.750000,3.703446,14400
1997-07-14,4.671875,4.750000,4.671875,4.671875,3.642534,17300
1997-07-15,4.671875,4.671875,4.671875,4.671875,3.642534,0
1997-07-16,4.671875,5.000000,4.671875,5.000000,3.898364,1400
1997-07-17,4.921875,4.921875,4.671875,4.750000,3.703446,1000
1997-07-18,4.671875,5.046875,4.671875,5.046875,3.934911,3600
1997-07-21,5.125000,5.125000,4.796875,4.796875,3.739993,6100
1997-07-22,5.046875,5.046875,4.875000,4.875000,3.800904,8500
1997-07-23,4.750000,4.750000,4.625000,4.625000,3.605987,16300
1997-07-24,4.625000,4.875000,4.625000,4.875000,3.800904,4400
1997-07-25,4.875000,4.875000,4.875000,4.875000,3.800904,400
1997-07-28,4.875000,4.875000,4.875000,4.875000,3.800904,500
1997-07-29,4.796875,4.796875,4.750000,4.750000,3.703446,5500
1997-07-30,4.671875,4.671875,4.671875,4.671875,3.642534,100
1997-07-31,4.875000,4.875000,4.500000,4.500000,3.508529,12300
1997-08-01,4.500000,4.531250,4.500000,4.500000,3.508529,240000
1997-08-04,4.500000,4.500000,4.500000,4.500000,3.508529,2000
1997-08-05,4.500000,4.546875,4.375000,4.375000,3.411069,7800
1997-08-06,4.296875,4.296875,4.296875,4.296875,3.350157,300
1997-08-07,4.375000,4.500000,4.375000,4.500000,3.508529,25600
1997-08-08,4.421875,4.625000,4.421875,4.578125,3.569439,262200
1997-08-11,4.625000,4.875000,4.625000,4.875000,3.800904,1100
1997-08-12,4.875000,4.875000,4.625000,4.625000,3.605987,18100
1997-08-13,4.796875,4.796875,4.796875,4.796875,3.739993,27500
1997-08-14,4.625000,4.625000,4.625000,4.625000,3.605987,1200
1997-08-15,4.625000,4.625000,4.625000,4.625000,3.605987,1000
1997-08-18,4.500000,4.500000,4.500000,4.500000,3.508529,3400
1997-08-19,4.750000,4.875000,4.500000,4.875000,3.800904,2000
1997-08-20,4.875000,4.875000,4.875000,4.875000,3.800904,14500
1997-08-21,4.671875,4.875000,4.671875,4.750000,3.703446,13700
1997-08-22,5.000000,5.125000,5.000000,5.125000,3.995823,9300
1997-08-25,5.000000,5.000000,4.875000,4.875000,3.800904,3700
1997-08-26,4.875000,4.875000,4.875000,4.875000,3.800904,4500
1997-08-27,4.750000,4.750000,4.750000,4.750000,3.703446,4100
1997-08-28,5.000000,5.000000,4.750000,4.921875,3.837452,4000
1997-08-29,4.890625,4.890625,4.890625,4.890625,3.813087,10000
1997-09-02,4.875000,4.875000,4.625000,4.625000,3.605987,2700
1997-09-03,4.796875,4.796875,4.546875,4.546875,3.545075,18800
1997-09-04,4.500000,4.750000,4.500000,4.500000,3.508529,9300
1997-09-05,4.500000,4.500000,4.500000,4.500000,3.508529,900
1997-09-08,4.546875,4.546875,4.421875,4.421875,3.447615,16200
1997-09-09,4.421875,4.500000,4.250000,4.250000,3.313610,8600
1997-09-10,4.375000,4.375000,4.296875,4.296875,3.350157,10000
1997-09-11,4.171875,4.296875,4.171875,4.296875,3.350157,10000
1997-09-12,4.250000,4.375000,4.125000,4.125000,3.216150,9300
1997-09-15,4.046875,4.046875,4.046875,4.046875,3.155239,11500
1997-09-16,4.000000,4.000000,3.796875,3.875000,3.021232,10500
1997-09-17,3.625000,3.625000,3.546875,3.578125,2.789767,16100
1997-09-18,3.578125,3.578125,3.578125,3.578125,2.789767,0
1997-09-19,3.500000,3.546875,3.421875,3.546875,2.765402,15400
1997-09-22,3.375000,3.500000,3.375000,3.375000,2.631396,4500
1997-09-23,3.296875,3.296875,3.171875,3.296875,2.570483,6700
1997-09-24,3.421875,3.500000,3.250000,3.250000,2.533937,16000
1997-09-25,3.578125,3.578125,3.578125,3.578125,2.789767,2000
1997-09-26,3.625000,3.875000,3.625000,3.875000,3.021232,12800
1997-09-29,4.000000,4.250000,3.921875,4.125000,3.216150,43600
1997-09-30,4.421875,4.421875,4.125000,4.250000,3.313610,16300
1997-10-01,4.750000,4.796875,4.546875,4.546875,3.545075,19200
1997-10-02,4.546875,4.546875,4.546875,4.546875,3.545075,1000
1997-10-03,4.421875,4.546875,4.375000,4.375000,3.411069,29600
1997-10-06,4.296875,4.546875,4.250000,4.375000,3.411069,17500
1997-10-07,4.375000,4.375000,4.375000,4.375000,3.411069,5300
1997-10-08,4.171875,4.375000,4.171875,4.250000,3.313610,8000
1997-10-09,4.296875,4.390625,4.125000,4.125000,3.216150,7700
1997-10-10,4.125000,4.375000,4.125000,4.171875,3.252697,2900
1997-10-13,4.375000,4.375000,4.250000,4.250000,3.313610,7300
1997-10-14,4.250000,4.250000,4.125000,4.125000,3.216150,24800
1997-10-15,4.125000,4.125000,4.125000,4.125000,3.216150,700
1997-10-16,4.250000,4.375000,4.171875,4.171875,3.252697,7400
1997-10-17,4.171875,4.171875,4.171875,4.171875,3.252697,100
1997-10-20,4.250000,4.250000,4.046875,4.046875,3.155239,25000
1997-10-21,4.125000,4.125000,4.125000,4.125000,3.216150,5400
1997-10-22,4.125000,4.125000,4.125000,4.125000,3.216150,3200
1997-10-23,4.250000,4.250000,4.125000,4.125000,3.216150,4300
1997-10-24,4.046875,4.046875,3.625000,3.625000,2.826314,12500
1997-10-27,3.500000,3.500000,3.375000,3.375000,2.631396,7700
1997-10-28,3.500000,3.500000,3.375000,3.375000,2.631396,2000
1997-10-29,3.500000,3.500000,3.375000,3.375000,2.631396,1900
1997-10-30,3.421875,3.546875,3.421875,3.546875,2.765402,26400
1997-10-31,3.421875,3.546875,3.375000,3.546875,2.765402,6700
1997-11-03,3.546875,3.546875,3.546875,3.546875,2.765402,1400
1997-11-04,3.296875,3.296875,3.296875,3.296875,2.570483,200
1997-11-05,3.390625,3.421875,3.375000,3.375000,2.631396,40200
1997-11-06,3.500000,3.500000,3.500000,3.500000,2.728855,1000
1997-11-07,3.421875,3.421875,3.250000,3.250000,2.533937,5200
1997-11-10,3.281250,3.281250,3.250000,3.250000,2.533937,51700
1997-11-11,3.250000,3.250000,3.250000,3.250000,2.533937,500
1997-11-12,3.250000,3.296875,3.125000,3.250000,2.533937,12600
1997-11-13,3.375000,3.375000,3.375000,3.375000,2.631396,200
1997-11-14,3.000000,3.000000,2.750000,3.000000,2.339018,5700
1997-11-17,3.000000,3.000000,3.000000,3.000000,2.339018,0
1997-11-18,2.640625,2.750000,2.625000,2.671875,2.083188,310300
1997-11-19,2.671875,2.750000,2.625000,2.625000,2.046641,5300
1997-11-20,2.625000,2.640625,2.625000,2.625000,2.046641,83100
1997-11-21,2.750000,2.750000,2.671875,2.671875,2.083188,13300
1997-11-24,2.750000,2.875000,2.625000,2.875000,2.241559,6700
1997-11-25,2.796875,2.796875,2.500000,2.671875,2.083188,19100
1997-11-26,2.500000,2.500000,2.421875,2.421875,1.888270,18800
1997-11-28,2.421875,2.421875,2.421875,2.421875,1.888270,0
1997-12-01,2.500000,2.500000,2.375000,2.375000,1.851723,13400
1997-12-02,2.375000,2.500000,2.296875,2.500000,1.949182,3700
1997-12-03,2.500000,2.500000,2.187500,2.375000,1.851723,13500
1997-12-04,2.421875,2.421875,2.125000,2.390625,1.863905,30900
1997-12-05,2.171875,2.421875,2.125000,2.375000,1.851723,4500
1997-12-08,2.171875,2.375000,2.171875,2.375000,1.851723,15500
1997-12-09,2.171875,2.390625,2.125000,2.125000,1.656805,270200
1997-12-10,2.125000,2.171875,2.125000,2.171875,1.693352,404900
1997-12-11,2.250000,2.250000,2.250000,2.250000,1.754264,11600
1997-12-12,2.125000,2.171875,2.125000,2.171875,1.693352,41900
1997-12-15,2.250000,2.250000,2.125000,2.125000,1.656805,8900
1997-12-16,2.125000,2.125000,2.125000,2.125000,1.656805,900
1997-12-17,2.296875,2.296875,2.046875,2.046875,1.595893,7100
1997-12-18,2.171875,2.375000,2.000000,2.250000,1.754264,34600
1997-12-19,2.375000,2.375000,2.125000,2.171875,1.693352,35600
1997-12-22,2.250000,2.250000,2.125000,2.140625,1.668987,35100
1997-12-23,2.296875,2.296875,2.125000,2.125000,1.656805,2500
1997-12-24,2.250000,2.375000,2.250000,2.250000,1.754264,1000
1997-12-26,2.375000,2.375000,2.250000,2.250000,1.754264,600
1997-12-29,2.250000,2.500000,2.250000,2.296875,1.790811,3000
1997-12-30,2.250000,2.421875,2.250000,2.421875,1.888270,4000
1997-12-31,2.250000,2.250000,2.250000,2.250000,1.754264,1500
1998-01-02,2.250000,2.375000,2.250000,2.375000,1.851723,6500
1998-01-05,2.250000,2.296875,2.171875,2.171875,1.693352,1200
1998-01-06,2.171875,2.250000,2.093750,2.125000,1.656805,17600
1998-01-07,2.046875,2.046875,2.000000,2.000000,1.559345,96000
1998-01-08,2.000000,2.000000,1.796875,1.875000,1.461886,15500
1998-01-09,1.875000,1.875000,1.796875,1.875000,1.461886,21300
1998-01-12,1.921875,1.921875,1.875000,1.875000,1.461886,3600
1998-01-13,2.000000,2.046875,1.921875,2.046875,1.595893,2300
1998-01-14,2.000000,2.125000,2.000000,2.125000,1.656805,11000
1998-01-15,2.046875,2.250000,2.046875,2.250000,1.754264,1400
1998-01-16,2.171875,2.250000,2.171875,2.250000,1.754264,4500
1998-01-20,2.375000,2.375000,2.375000,2.375000,1.851723,7300
1998-01-21,2.375000,2.421875,2.375000,2.421875,1.888270,20500
1998-01-22,2.546875,2.546875,2.421875,2.500000,1.949182,35100
1998-01-23,2.671875,2.828125,2.625000,2.828125,2.205013,77800
1998-01-26,3.046875,3.046875,2.750000,2.875000,2.241559,54100
1998-01-27,3.000000,3.046875,2.921875,3.046875,2.375566,8100
1998-01-28,3.000000,3.125000,2.796875,3.046875,2.375566,31400
1998-01-29,3.000000,3.046875,3.000000,3.046875,2.375566,21000
1998-01-30,3.250000,3.328125,3.046875,3.046875,2.375566,14200
1998-02-02,3.375000,3.515625,3.375000,3.515625,2.741038,96400
1998-02-03,3.250000,3.250000,3.000000,3.125000,2.436478,13600
1998-02-04,3.125000,3.250000,3.125000,3.250000,2.533937,26000
1998-02-05,3.421875,3.421875,3.375000,3.375000,2.631396,20100
1998-02-06,3.375000,3.500000,3.375000,3.375000,2.631396,3400
1998-02-09,3.375000,3.500000,3.375000,3.500000,2.728855,9700
1998-02-10,3.500000,3.515625,3.500000,3.515625,2.741038,18400
1998-02-11,3.375000,3.500000,3.296875,3.500000,2.728855,12400
1998-02-12,3.171875,3.375000,3.171875,3.171875,2.473025,2800
1998-02-13,3.125000,3.125000,3.125000,3.125000,2.436478,11800
1998-02-17,3.375000,3.375000,3.171875,3.171875,2.473025,8800
1998-02-18,3.125000,3.125000,3.125000,3.125000,2.436478,6000
1998-02-19,3.000000,3.250000,3.000000,3.250000,2.533937,3400
1998-02-20,3.250000,3.250000,3.250000,3.250000,2.533937,3300
1998-02-23,3.000000,3.046875,2.875000,2.875000,2.241559,5000
1998-02-24,2.921875,2.921875,2.875000,2.875000,2.241559,3600
1998-02-25,3.046875,3.046875,2.875000,3.000000,2.339018,6500
1998-02-26,3.000000,3.125000,3.000000,3.125000,2.436478,9600
1998-02-27,3.250000,3.500000,3.250000,3.421875,2.667943,14800
1998-03-02,3.296875,3.296875,3.296875,3.296875,2.570483,700
1998-03-03,3.250000,3.375000,3.171875,3.375000,2.631396,9500
1998-03-04,3.296875,3.296875,3.125000,3.125000,2.436478,3000
1998-03-05,3.250000,3.250000,3.046875,3.046875,2.375566,800
1998-03-06,3.265625,3.265625,3.265625,3.265625,2.546119,100500
1998-03-09,3.296875,3.296875,3.171875,3.171875,2.473025,38200
1998-03-10,3.125000,3.125000,3.046875,3.046875,2.375566,139500
1998-03-11,3.296875,3.296875,3.046875,3.046875,2.375566,25600
1998-03-12,3.046875,3.046875,3.046875,3.046875,2.375566,0
1998-03-13,3.125000,3.296875,3.125000,3.296875,2.570483,4900
1998-03-16,3.250000,3.250000,3.125000,3.125000,2.436478,5000
1998-03-17,3.046875,3.046875,2.921875,2.921875,2.278107,10100
1998-03-18,2.875000,3.046875,2.875000,3.046875,2.375566,5700
1998-03-19,2.796875,2.796875,2.796875,2.796875,2.180647,200
1998-03-20,3.000000,3.000000,3.000000,3.000000,2.339018,3000
1998-03-23,2.921875,3.171875,2.921875,3.171875,2.473025,8900
1998-03-24,3.125000,3.296875,3.125000,3.250000,2.533937,9700
1998-03-25,3.171875,3.250000,3.171875,3.250000,2.533937,15000
1998-03-26,3.000000,3.250000,3.000000,3.125000,2.436478,16200
1998-03-27,3.375000,3.500000,3.250000,3.390625,2.643578,120200
1998-03-30,3.500000,3.578125,3.421875,3.515625,2.741038,26400
1998-03-31,3.515625,3.515625,3.406250,3.406250,2.655760,12700
1998-04-01,3.500000,3.546875,3.500000,3.546875,2.765402,2200
1998-04-02,3.546875,3.546875,3.515625,3.515625,2.741038,5000
1998-04-03,3.796875,4.046875,3.796875,4.046875,3.155239,39400
1998-04-06,4.625000,4.625000,4.375000,4.421875,3.447615,49300
1998-04-07,4.515625,4.515625,4.296875,4.500000,3.508529,77000
1998-04-08,4.546875,4.750000,4.500000,4.750000,3.703446,64700
1998-04-09,4.671875,4.671875,4.546875,4.625000,3.605987,90200
1998-04-13,4.750000,4.750000,4.546875,4.625000,3.605987,29500
1998-04-14,4.750000,4.750000,4.500000,4.625000,3.605987,26800
1998-04-15,4.500000,4.500000,4.421875,4.421875,3.447615,9100
1998-04-16,4.500000,4.500000,4.250000,4.390625,3.423251,16500
1998-04-17,4.500000,4.500000,4.296875,4.375000,3.411069,7700
1998-04-20,4.625000,4.750000,4.546875,4.625000,3.605987,36100
1998-04-21,4.875000,4.953125,4.750000,4.875000,3.800904,146700
1998-04-22,5.312500,5.375000,5.250000,5.375000,4.190742,60300
1998-04-23,5.875000,6.000000,5.687500,6.000000,4.678037,36100
1998-04-24,5.750000,6.000000,5.687500,5.750000,4.483119,34500
1998-04-27,5.625000,5.625000,5.375000,5.437500,4.239470,22500
1998-04-28,5.375000,5.437500,5.250000,5.390625,4.202924,20300
1998-04-29,5.312500,5.625000,5.312500,5.625000,4.385660,31300
1998-04-30,5.937500,6.000000,5.593750,5.593750,4.361295,260800
1998-05-01,5.750000,5.750000,5.000000,5.250000,4.093282,158300
1998-05-04,5.406250,5.625000,5.375000,5.406250,4.215106,33400
1998-05-05,5.625000,5.750000,5.562500,5.562500,4.336931,10900
1998-05-06,5.750000,5.750000,5.437500,5.437500,4.239470,29900
1998-05-07,5.250000,5.468750,5.250000,5.468750,4.263837,4100
1998-05-08,5.500000,5.500000,5.312500,5.328125,4.154194,26700
1998-05-11,5.312500,5.343750,5.250000,5.343750,4.166377,11000
1998-05-12,5.437500,5.437500,5.218750,5.281250,4.117648,44500
1998-05-13,5.250000,5.312500,5.125000,5.312500,4.142012,25700
1998-05-14,5.156250,5.312500,5.156250,5.312500,4.142012,11400
1998-05-15,5.375000,5.375000,5.187500,5.375000,4.190742,27600
1998-05-18,5.375000,5.375000,5.281250,5.281250,4.117648,5700
1998-05-19,5.250000,5.250000,5.062500,5.062500,3.947093,14500
1998-05-20,5.250000,5.250000,5.062500,5.062500,3.947093,2400
1998-05-21,5.062500,5.250000,5.062500,5.250000,4.093282,300
1998-05-22,5.250000,5.250000,5.062500,5.062500,3.947093,4500
1998-05-26,5.000000,5.000000,4.625000,4.625000,3.605987,33300
1998-05-27,4.375000,4.625000,4.375000,4.500000,3.508529,34200
1998-05-28,4.500000,4.500000,4.312500,4.312500,3.362339,25200
1998-05-29,4.312500,4.375000,4.312500,4.312500,3.362339,13500
1998-06-01,4.250000,4.250000,4.250000,4.250000,3.313610,3400
1998-06-02,4.312500,4.343750,4.125000,4.125000,3.216150,5800
1998-06-03,4.375000,4.625000,4.312500,4.625000,3.605987,103000
1998-06-04,4.625000,4.625000,4.375000,4.375000,3.411069,31600
1998-06-05,4.437500,4.437500,4.437500,4.437500,3.459798,300
1998-06-08,4.312500,4.531250,4.312500,4.531250,3.532892,8700
1998-06-09,4.750000,4.750000,4.375000,4.562500,3.557258,25500
1998-06-10,4.375000,4.375000,4.375000,4.375000,3.411069,3300
1998-06-11,4.375000,4.375000,4.062500,4.312500,3.362339,11000
1998-06-12,4.062500,4.312500,4.062500,4.125000,3.216150,3100
1998-06-15,4.062500,4.062500,3.875000,3.875000,3.021232,9600
1998-06-16,4.125000,4.125000,3.937500,4.125000,3.216150,1200
1998-06-17,4.250000,4.250000,4.250000,4.250000,3.313610,3500
1998-06-18,4.187500,4.375000,4.187500,4.312500,3.362339,10300
1998-06-19,4.375000,4.375000,4.250000,4.250000,3.313610,1300
1998-06-22,4.375000,4.375000,4.375000,4.375000,3.411069,1000
1998-06-23,4.375000,4.375000,4.125000,4.375000,3.411069,700
1998-06-24,4.125000,4.125000,4.125000,4.125000,3.216150,3300
1998-06-25,4.187500,4.187500,4.000000,4.000000,3.118691,13500
1998-06-26,4.000000,4.000000,3.875000,3.937500,3.069962,8500
1998-06-29,3.750000,3.750000,3.750000,3.750000,2.923773,5000
1998-06-30,4.125000,4.250000,4.062500,4.062500,3.167421,7000
1998-07-01,4.250000,4.312500,4.250000,4.250000,3.313610,1600
1998-07-02,4.187500,4.187500,4.187500,4.187500,3.264880,500
1998-07-06,4.750000,4.875000,4.625000,4.812500,3.752175,23700
1998-07-07,4.625000,4.625000,4.625000,4.625000,3.605987,6400
1998-07-08,4.625000,4.625000,4.500000,4.500000,3.508529,3600
1998-07-09,4.375000,4.500000,4.250000,4.375000,3.411069,10000
1998-07-10,4.375000,4.375000,4.250000,4.250000,3.313610,1000
1998-07-13,4.281250,4.281250,4.281250,4.281250,3.337974,800
1998-07-14,4.375000,4.468750,4.375000,4.406250,3.435434,1400
1998-07-15,4.406250,4.500000,4.375000,4.500000,3.508529,6200
1998-07-16,4.625000,4.625000,4.375000,4.625000,3.605987,54300
1998-07-17,4.375000,4.500000,4.375000,4.375000,3.411069,1700
1998-07-20,4.375000,4.687500,4.375000,4.625000,3.605987,17500
1998-07-21,4.750000,4.750000,4.625000,4.625000,3.605987,17400
1998-07-22,4.750000,4.750000,4.500000,4.500000,3.508529,7800
1998-07-23,4.562500,4.625000,4.562500,4.625000,3.605987,4100
1998-07-24,4.750000,4.750000,4.562500,4.562500,3.557258,9200
1998-07-27,4.500000,4.500000,4.437500,4.437500,3.459798,800
1998-07-28,4.437500,4.437500,4.250000,4.437500,3.459798,39400
1998-07-29,4.437500,4.437500,4.375000,4.375000,3.411069,7000
1998-07-30,4.312500,4.312500,4.187500,4.187500,3.264880,13100
1998-07-31,4.187500,4.187500,4.187500,4.187500,3.264880,1000
1998-08-03,4.062500,4.125000,4.000000,4.000000,3.118691,19600
1998-08-04,4.000000,4.187500,4.000000,4.187500,3.264880,4500
1998-08-05,4.125000,4.187500,4.125000,4.187500,3.264880,1200
1998-08-06,4.125000,4.250000,4.000000,4.250000,3.313610,22400
1998-08-07,4.000000,4.000000,4.000000,4.000000,3.118691,1000
1998-08-10,4.000000,4.000000,4.000000,4.000000,3.118691,800
1998-08-11,3.937500,3.937500,3.875000,3.875000,3.021232,5700
1998-08-12,3.875000,3.875000,3.875000,3.875000,3.021232,1400
1998-08-13,3.812500,3.812500,3.812500,3.812500,2.972503,1100
1998-08-14,3.812500,3.812500,3.812500,3.812500,2.972503,0
1998-08-17,3.750000,3.875000,3.750000,3.750000,2.923773,3600
1998-08-18,3.750000,3.875000,3.687500,3.687500,2.875043,17400
1998-08-19,3.937500,4.062500,3.687500,3.875000,3.021232,134500
1998-08-20,3.937500,4.125000,3.937500,4.125000,3.216150,27700
1998-08-21,4.000000,4.000000,4.000000,4.000000,3.118691,5300
1998-08-24,3.937500,4.000000,3.937500,4.000000,3.118691,56700
1998-08-25,4.000000,4.000000,3.687500,3.687500,2.875043,44200
1998-08-26,3.500000,3.687500,3.500000,3.562500,2.777585,18700
1998-08-27,3.375000,3.375000,3.125000,3.125000,2.436478,14100
1998-08-28,3.093750,3.250000,3.000000,3.000000,2.339018,4600
1998-08-31,3.187500,3.375000,3.125000,3.125000,2.436478,12800
1998-09-01,3.625000,4.000000,3.562500,3.687500,2.875043,274000
1998-09-02,3.750000,3.750000,3.625000,3.750000,2.923773,73000
1998-09-03,3.625000,4.000000,3.500000,4.000000,3.118691,302600
1998-09-04,4.187500,4.500000,4.187500,4.500000,3.508529,58500
1998-09-08,4.375000,4.437500,4.125000,4.125000,3.216150,153300
1998-09-09,3.937500,4.062500,3.937500,3.937500,3.069962,20900
1998-09-10,4.125000,4.500000,4.125000,4.375000,3.411069,212800
1998-09-11,4.625000,4.625000,4.375000,4.375000,3.411069,61100
1998-09-14,4.375000,4.375000,4.250000,4.250000,3.313610,10600
1998-09-15,4.375000,4.375000,4.187500,4.187500,3.264880,30700
1998-09-16,4.250000,4.375000,4.250000,4.375000,3.411069,3400
1998-09-17,4.375000,4.562500,4.375000,4.562500,3.557258,189900
1998-09-18,4.625000,4.625000,4.437500,4.625000,3.605987,24200
1998-09-21,4.687500,4.687500,4.437500,4.437500,3.459798,61800
1998-09-22,4.375000,4.468750,4.375000,4.375000,3.411069,7200
1998-09-23,4.312500,4.468750,4.312500,4.437500,3.459798,80900
1998-09-24,4.500000,4.625000,4.500000,4.562500,3.557258,277800
1998-09-25,4.875000,4.875000,4.500000,4.500000,3.508529,117200
1998-09-28,4.625000,4.718750,4.562500,4.625000,3.605987,182800
1998-09-29,4.812500,4.812500,4.625000,4.625000,3.605987,122400
1998-09-30,4.562500,4.875000,4.562500,4.875000,3.800904,81600
1998-10-01,5.000000,5.000000,4.796875,4.875000,3.800904,445200
1998-10-02,5.000000,5.000000,4.812500,4.937500,3.849635,92000
1998-10-05,4.812500,5.000000,4.750000,4.750000,3.703446,10800
1998-10-06,4.750000,4.937500,4.687500,4.937500,3.849635,32600
1998-10-07,5.125000,5.437500,5.062500,5.312500,4.142012,54100
1998-10-08,5.562500,5.750000,5.437500,5.500000,4.288201,98800
1998-10-09,5.625000,5.625000,5.062500,5.062500,3.947093,51300
1998-10-12,5.062500,5.125000,5.000000,5.125000,3.995823,6400
1998-10-13,5.062500,5.125000,5.000000,5.062500,3.947093,16500
1998-10-14,5.000000,5.062500,5.000000,5.000000,3.898364,7500
1998-10-15,5.250000,5.312500,5.062500,5.250000,4.093282,30700
1998-10-16,5.375000,5.437500,5.125000,5.375000,4.190742,34700
1998-10-19,5.500000,5.500000,5.125000,5.125000,3.995823,22000
1998-10-20,5.062500,5.250000,5.000000,5.187500,4.044552,22200
1998-10-21,5.187500,5.187500,5.000000,5.000000,3.898364,10500
1998-10-22,4.812500,4.812500,4.750000,4.750000,3.703446,18400
1998-10-23,4.687500,4.750000,4.687500,4.750000,3.703446,14900
1998-10-26,4.750000,4.750000,4.687500,4.687500,3.654717,15100
1998-10-27,4.687500,5.000000,4.687500,4.937500,3.849635,20600
1998-10-28,4.875000,5.000000,4.875000,4.937500,3.849635,10800
1998-10-29,5.125000,5.125000,5.062500,5.062500,3.947093,5100
1998-10-30,5.000000,5.187500,4.875000,5.187500,4.044552,13600
1998-11-02,4.875000,4.937500,4.687500,4.687500,3.654717,32200
1998-11-03,4.562500,4.625000,4.437500,4.437500,3.459798,27000
1998-11-04,4.750000,4.812500,4.500000,4.750000,3.703446,41600
1998-11-05,4.937500,4.968750,4.750000,4.968750,3.874000,151000
1998-11-06,4.875000,4.875000,4.750000,4.750000,3.703446,30600
1998-11-09,4.625000,4.875000,4.625000,4.625000,3.605987,5500
1998-11-10,4.625000,4.750000,4.546875,4.625000,3.605987,43700
1998-11-11,4.562500,4.562500,4.562500,4.562500,3.557258,600
1998-11-12,4.500000,4.875000,4.500000,4.875000,3.800904,3700
1998-11-13,4.875000,5.000000,4.750000,4.812500,3.752175,11600
1998-11-16,4.875000,5.000000,4.812500,4.968750,3.874000,15000
1998-11-17,5.000000,5.000000,4.875000,5.000000,3.898364,12600
1998-11-18,5.125000,5.375000,5.125000,5.375000,4.190742,45000
1998-11-19,5.312500,5.375000,5.062500,5.125000,3.995823,71500
1998-11-20,5.250000,5.250000,5.062500,5.250000,4.093282,8300
1998-11-23,5.000000,5.187500,4.937500,5.062500,3.947093,27200
1998-11-24,5.062500,5.250000,5.062500,5.250000,4.093282,6800
1998-11-25,5.000000,5.250000,5.000000,5.125000,3.995823,8600
1998-11-27,5.000000,5.000000,5.000000,5.000000,3.898364,700
1998-11-30,4.937500,4.937500,4.687500,4.875000,3.800904,11100
1998-12-01,4.734375,4.937500,4.734375,4.812500,3.752175,35100
1998-12-02,4.812500,4.812500,4.812500,4.812500,3.752175,600
1998-12-03,4.812500,4.843750,4.750000,4.843750,3.776539,53400
1998-12-04,4.750000,4.812500,4.625000,4.625000,3.605987,284400
1998-12-07,4.750000,4.750000,4.531250,4.625000,3.605987,54800
1998-12-08,4.593750,4.718750,4.500000,4.500000,3.508529,33000
1998-12-09,4.562500,4.562500,4.562500,4.562500,3.557258,24200
1998-12-10,4.562500,4.562500,4.562500,4.562500,3.557258,20400
1998-12-11,4.500000,4.546875,4.375000,4.437500,3.459798,121400
1998-12-14,4.375000,4.625000,4.250000,4.562500,3.557258,5400
1998-12-15,4.375000,4.406250,4.375000,4.406250,3.435434,10800
1998-12-16,4.625000,4.687500,4.531250,4.625000,3.605987,34600
1998-12-17,4.593750,4.687500,4.437500,4.437500,3.459798,65800
1998-12-18,4.437500,4.437500,4.437500,4.437500,3.459798,500
1998-12-21,4.625000,4.625000,4.375000,4.375000,3.411069,20000
1998-12-22,4.375000,4.375000,4.250000,4.250000,3.313610,37500
1998-12-23,4.375000,4.437500,4.250000,4.437500,3.459798,40700
1998-12-24,4.250000,4.500000,4.250000,4.500000,3.508529,13000
1998-12-28,4.437500,4.562500,4.437500,4.500000,3.508529,36400
1998-12-29,4.500000,4.625000,4.500000,4.500000,3.508529,26800
1998-12-30,4.625000,4.687500,4.562500,4.562500,3.557258,51400
1998-12-31,4.562500,4.750000,4.562500,4.750000,3.703446,34200
1999-01-04,4.562500,4.625000,4.562500,4.625000,3.605987,400
1999-01-05,4.750000,4.750000,4.625000,4.625000,3.605987,3700
1999-01-06,5.000000,5.000000,4.812500,4.812500,3.752175,1900
1999-01-07,5.000000,5.000000,4.875000,5.000000,3.898364,6000
1999-01-08,5.000000,5.000000,4.781250,4.781250,3.727811,16600
1999-01-11,4.875000,4.875000,4.812500,4.812500,3.752175,6400
1999-01-12,4.750000,4.875000,4.687500,4.812500,3.752175,11000
1999-01-13,4.500000,4.687500,4.500000,4.687500,3.654717,33600
1999-01-14,4.500000,4.625000,4.453125,4.625000,3.605987,5500
1999-01-15,4.500000,4.687500,4.500000,4.625000,3.605987,8300
1999-01-19,4.687500,4.687500,4.500000,4.500000,3.508529,11400
1999-01-20,4.687500,4.687500,4.500000,4.500000,3.508529,11700
1999-01-21,4.625000,4.625000,4.500000,4.500000,3.508529,48600
1999-01-22,4.375000,4.562500,4.250000,4.250000,3.313610,22500
1999-01-25,4.437500,4.500000,4.375000,4.375000,3.411069,68500
1999-01-26,4.375000,4.437500,4.375000,4.375000,3.411069,17900
1999-01-27,4.437500,4.500000,4.375000,4.375000,3.411069,3800
1999-01-28,4.437500,4.437500,4.375000,4.375000,3.411069,41000
1999-01-29,4.500000,4.562500,4.500000,4.562500,3.557258,6100
1999-02-01,4.500000,4.625000,4.500000,4.625000,3.605987,10400
1999-02-02,4.625000,4.687500,4.562500,4.625000,3.605987,17500
1999-02-03,4.687500,4.687500,4.500000,4.500000,3.508529,37000
1999-02-04,4.625000,4.687500,4.375000,4.500000,3.508529,30800
1999-02-05,4.500000,4.687500,4.500000,4.687500,3.654717,12500
1999-02-08,4.437500,4.875000,4.437500,4.812500,3.752175,43800
1999-02-09,4.750000,4.750000,4.437500,4.562500,3.557258,74100
1999-02-10,4.562500,4.562500,4.500000,4.562500,3.557258,48800
1999-02-11,4.562500,4.562500,4.500000,4.562500,3.557258,13100
1999-02-12,4.562500,4.562500,4.500000,4.562500,3.557258,4400
1999-02-16,4.500000,4.500000,4.250000,4.375000,3.411069,13000
1999-02-17,4.375000,4.375000,4.312500,4.375000,3.411069,50700
1999-02-18,4.250000,4.312500,4.187500,4.250000,3.313610,56100
1999-02-19,4.250000,4.312500,4.187500,4.312500,3.362339,149600
1999-02-22,4.250000,4.312500,4.171875,4.250000,3.313610,65600
1999-02-23,4.312500,4.312500,4.125000,4.312500,3.362339,4100
1999-02-24,4.312500,4.375000,4.250000,4.312500,3.362339,33000
1999-02-25,4.437500,4.437500,4.312500,4.375000,3.411069,70400
1999-02-26,4.375000,4.437500,4.375000,4.375000,3.411069,56300
1999-03-01,4.500000,4.625000,4.437500,4.500000,3.508529,45500
1999-03-02,4.625000,4.750000,4.562500,4.687500,3.654717,86000
1999-03-03,4.750000,4.750000,4.687500,4.687500,3.654717,39900
1999-03-04,4.687500,4.750000,4.625000,4.656250,3.630351,63400
1999-03-05,4.625000,4.750000,4.625000,4.687500,3.654717,56300
1999-03-08,4.687500,4.875000,4.687500,4.875000,3.800904,188900
1999-03-09,5.000000,5.187500,5.000000,5.187500,4.044552,145200
1999-03-10,5.000000,5.125000,5.000000,5.062500,3.947093,63100
1999-03-11,5.187500,5.250000,5.062500,5.250000,4.093282,145800
1999-03-12,5.062500,5.125000,4.875000,4.937500,3.849635,96900
1999-03-15,4.812500,4.875000,4.500000,4.500000,3.508529,164800
1999-03-16,4.437500,4.500000,4.375000,4.437500,3.459798,30500
1999-03-17,4.500000,4.687500,4.437500,4.687500,3.654717,44700
1999-03-18,4.750000,4.906250,4.687500,4.687500,3.654717,17300
1999-03-19,4.781250,4.906250,4.781250,4.906250,3.825269,2600
1999-03-22,4.812500,5.000000,4.812500,5.000000,3.898364,22200
1999-03-23,5.000000,5.000000,4.781250,4.937500,3.849635,12200
1999-03-24,4.750000,4.875000,4.750000,4.812500,3.752175,29000
1999-03-25,4.812500,4.937500,4.750000,4.750000,3.703446,43700
1999-03-26,4.750000,4.750000,4.562500,4.562500,3.557258,44700
1999-03-29,4.500000,4.812500,4.500000,4.625000,3.605987,20600
1999-03-30,4.625000,4.750000,4.625000,4.625000,3.605987,7400
1999-03-31,4.562500,4.750000,4.562500,4.687500,3.654717,10000
1999-04-01,4.875000,4.875000,4.687500,4.875000,3.800904,12700
1999-04-05,4.687500,4.812500,4.687500,4.687500,3.654717,11800
1999-04-06,4.625000,4.750000,4.500000,4.625000,3.605987,59500
1999-04-07,4.562500,4.687500,4.562500,4.562500,3.557258,81700
1999-04-08,4.687500,4.687500,4.562500,4.625000,3.605987,4200
1999-04-09,4.687500,4.687500,4.562500,4.562500,3.557258,30500
1999-04-12,4.687500,4.875000,4.625000,4.687500,3.654717,17600
1999-04-13,4.875000,4.937500,4.750000,4.937500,3.849635,36400
1999-04-14,4.937500,4.937500,4.625000,4.687500,3.654717,37900
1999-04-15,4.812500,5.187500,4.750000,5.125000,3.995823,44600
1999-04-16,5.250000,5.500000,5.187500,5.500000,4.288201,31800
1999-04-19,5.500000,5.750000,5.500000,5.593750,4.361295,23700
1999-04-20,5.562500,5.687500,5.500000,5.500000,4.288201,41700
1999-04-21,5.500000,5.562500,5.250000,5.500000,4.288201,38900
1999-04-22,5.312500,5.375000,5.187500,5.375000,4.190742,62200
1999-04-23,5.250000,5.312500,5.125000,5.187500,4.044552,30200
1999-04-26,5.187500,5.312500,5.000000,5.062500,3.947093,129700
1999-04-27,5.125000,5.312500,5.125000,5.312500,4.142012,41000
1999-04-28,5.375000,5.500000,5.250000,5.375000,4.190742,26800
1999-04-29,5.437500,5.718750,5.437500,5.687500,4.434388,31000
1999-04-30,5.812500,5.812500,5.562500,5.562500,4.336931,32100
1999-05-03,5.750000,5.750000,5.687500,5.687500,4.434388,7100
1999-05-04,5.625000,5.750000,5.625000,5.750000,4.483119,5800
1999-05-05,5.625000,5.937500,5.500000,5.937500,4.629308,247000
1999-05-06,5.937500,6.250000,5.875000,6.062500,4.726766,155400
1999-05-07,5.500000,5.562500,5.312500,5.500000,4.288201,106900
1999-05-10,5.187500,5.250000,4.750000,4.875000,3.800904,110000
1999-05-11,4.875000,5.000000,4.750000,4.906250,3.825269,419800
1999-05-12,4.875000,4.875000,4.750000,4.875000,3.800904,252300
1999-05-13,5.000000,5.125000,4.859375,4.984375,3.886182,173500
1999-05-14,5.000000,5.062500,4.875000,5.000000,3.898364,180900
1999-05-17,5.000000,5.000000,4.812500,4.875000,3.800904,113400
1999-05-18,4.875000,4.875000,4.718750,4.875000,3.800904,159400
1999-05-19,4.687500,4.750000,4.500000,4.750000,3.703446,302900
1999-05-20,4.812500,5.000000,4.750000,4.937500,3.849635,285200
1999-05-21,4.953125,5.000000,4.812500,5.000000,3.898364,255200
1999-05-24,4.875000,5.000000,4.812500,4.937500,3.849635,399500
1999-05-25,5.125000,5.250000,4.890625,5.250000,4.093282,447900
1999-05-26,5.062500,5.062500,4.875000,5.000000,3.898364,388900
1999-05-27,4.937500,4.937500,4.812500,4.937500,3.849635,564000
1999-05-28,4.937500,5.031250,4.875000,5.000000,3.898364,409500
1999-06-01,4.937500,5.000000,4.875000,4.937500,3.849635,415200
1999-06-02,5.000000,5.000000,4.875000,4.906250,3.825269,287100
1999-06-03,4.906250,5.000000,4.875000,4.937500,3.849635,191200
1999-06-04,4.968750,5.031250,4.921875,4.968750,3.874000,132600
1999-06-07,5.031250,5.125000,4.968750,5.062500,3.947093,145600
1999-06-08,5.031250,5.031250,4.812500,4.937500,3.849635,187800
1999-06-09,4.875000,4.875000,4.750000,4.812500,3.752175,184400
1999-06-10,4.812500,4.843750,4.750000,4.843750,3.776539,130500
1999-06-11,4.750000,4.843750,4.656250,4.843750,3.776539,179800
1999-06-14,4.750000,4.750000,4.656250,4.687500,3.654717,200800
1999-06-15,4.687500,4.687500,4.593750,4.656250,3.630351,118900
1999-06-16,4.625000,4.656250,4.562500,4.625000,3.605987,103100
1999-06-17,4.593750,4.593750,4.531250,4.593750,3.581622,56800
1999-06-18,4.625000,4.781250,4.625000,4.781250,3.727811,127100
1999-06-21,4.781250,4.812500,4.718750,4.718750,3.679081,64000
1999-06-22,4.687500,4.750000,4.500000,4.625000,3.605987,83300
1999-06-23,4.500000,4.750000,4.468750,4.625000,3.605987,213000
1999-06-24,4.687500,4.687500,4.562500,4.625000,3.605987,102000
1999-06-25,4.593750,4.718750,4.562500,4.687500,3.654717,50900
1999-06-28,4.750000,4.750000,4.562500,4.750000,3.703446,64000
1999-06-29,4.812500,4.812500,4.625000,4.781250,3.727811,46400
1999-06-30,4.812500,4.843750,4.750000,4.843750,3.776539,44100
1999-07-01,4.843750,4.875000,4.750000,4.781250,3.727811,106200
1999-07-02,4.812500,4.875000,4.750000,4.812500,3.752175,120200
1999-07-06,4.687500,4.875000,4.500000,4.500000,3.508529,195200
1999-07-07,4.437500,4.500000,4.281250,4.281250,3.337974,144000
1999-07-08,4.468750,4.500000,4.250000,4.312500,3.362339,70800
1999-07-09,4.312500,4.343750,4.250000,4.312500,3.362339,37200
1999-07-12,4.187500,4.281250,3.875000,4.062500,3.167421,226400
1999-07-13,3.937500,4.000000,3.875000,3.937500,3.069962,397500
1999-07-14,3.968750,4.000000,3.875000,3.937500,3.069962,101500
1999-07-15,3.875000,3.875000,3.687500,3.781250,2.948138,146200
1999-07-16,3.812500,4.000000,3.812500,3.937500,3.069962,85100
1999-07-19,3.937500,3.937500,3.812500,3.875000,3.021232,91700
1999-07-20,3.937500,3.937500,3.812500,3.937500,3.069962,59400
1999-07-21,3.937500,4.062500,3.875000,4.062500,3.167421,72700
1999-07-22,4.000000,4.062500,3.875000,3.937500,3.069962,101600
1999-07-23,3.875000,4.000000,3.875000,3.937500,3.069962,85900
1999-07-26,4.000000,4.000000,3.812500,3.937500,3.069962,45200
1999-07-27,3.937500,4.000000,3.875000,3.875000,3.021232,29000
1999-07-28,3.921875,4.000000,3.812500,3.968750,3.094326,333800
1999-07-29,3.937500,4.125000,3.875000,4.125000,3.216150,246400
1999-07-30,4.125000,4.125000,4.000000,4.062500,3.167421,198200
1999-08-02,4.062500,4.062500,3.937500,4.000000,3.118691,61700
1999-08-03,4.031250,4.062500,3.984375,4.031250,3.143056,86800
1999-08-04,4.218750,4.250000,4.062500,4.218750,3.322210,184800
1999-08-05,4.171875,4.218750,4.125000,4.156250,3.272991,65300
1999-08-06,4.281250,4.312500,4.125000,4.312500,3.396036,29200
1999-08-09,4.312500,4.375000,4.250000,4.375000,3.445254,102900
1999-08-10,4.500000,4.562500,4.375000,4.437500,3.494472,62000
1999-08-11,4.687500,4.875000,4.562500,4.812500,3.789779,250100
1999-08-12,4.812500,4.812500,4.687500,4.750000,3.740561,121400
1999-08-13,4.687500,4.750000,4.593750,4.718750,3.715953,73900
1999-08-16,4.531250,4.531250,4.250000,4.375000,3.445254,77800
1999-08-17,4.312500,4.406250,4.250000,4.312500,3.396036,96500
1999-08-18,4.375000,4.375000,4.125000,4.250000,3.346819,89000
1999-08-19,4.187500,4.250000,4.125000,4.218750,3.322210,83200
1999-08-20,4.265625,4.375000,4.187500,4.187500,3.297600,43100
1999-08-23,4.187500,4.187500,4.000000,4.125000,3.248382,71900
1999-08-24,4.000000,4.062500,3.937500,3.937500,3.100729,81300
1999-08-25,3.937500,4.000000,3.875000,3.937500,3.100729,56100
1999-08-26,4.000000,4.125000,3.937500,4.062500,3.199165,53600
1999-08-27,4.031250,4.250000,4.031250,4.250000,3.346819,48100
1999-08-30,4.250000,4.281250,4.125000,4.187500,3.297600,43200
1999-08-31,4.250000,4.375000,4.187500,4.312500,3.396036,91600
1999-09-01,4.250000,4.250000,4.062500,4.062500,3.199165,60700
1999-09-02,4.125000,4.187500,4.062500,4.187500,3.297600,30900
1999-09-03,4.125000,4.187500,4.000000,4.031250,3.174556,33400
1999-09-07,4.062500,4.187500,4.062500,4.187500,3.297600,64900
1999-09-08,4.187500,4.187500,4.062500,4.062500,3.199165,43700
1999-09-09,4.031250,4.250000,4.031250,4.250000,3.346819,58000
1999-09-10,4.218750,4.218750,4.062500,4.062500,3.199165,61800
1999-09-13,4.109375,4.156250,4.062500,4.062500,3.199165,108100
1999-09-14,4.093750,4.125000,4.062500,4.093750,3.223774,67700
1999-09-15,4.125000,4.125000,3.937500,4.000000,3.149946,146300
1999-09-16,3.937500,4.000000,3.875000,3.937500,3.100729,42700
1999-09-17,3.875000,3.937500,3.750000,3.812500,3.002294,126400
1999-09-20,3.812500,3.875000,3.750000,3.750000,2.953074,40900
1999-09-21,3.937500,4.250000,3.875000,4.156250,3.272991,237400
1999-09-22,4.156250,4.250000,4.125000,4.187500,3.297600,220200
1999-09-23,4.062500,4.187500,4.046875,4.125000,3.248382,106000
1999-09-24,4.312500,4.312500,4.250000,4.281250,3.371427,111900
1999-09-27,4.875000,5.250000,4.687500,5.250000,4.134305,473200
1999-09-28,6.250000,6.562500,5.937500,6.375000,5.020227,1191100
1999-09-29,6.125000,6.250000,5.687500,5.812500,4.577266,470500
1999-09-30,6.000000,6.218750,5.875000,6.000000,4.724920,284500
1999-10-01,6.250000,6.500000,6.250000,6.500000,5.118665,126700
1999-10-04,6.875000,7.062500,6.750000,7.031250,5.537016,371000
1999-10-05,7.250000,7.453125,6.937500,7.125000,5.610843,569900
1999-10-06,7.000000,7.125000,6.750000,7.125000,5.610843,258900
1999-10-07,6.937500,7.000000,6.812500,7.000000,5.512406,168600
1999-10-08,6.937500,7.062500,6.875000,6.875000,5.413971,224000
1999-10-11,6.625000,6.750000,6.531250,6.687500,5.266318,297000
1999-10-12,6.750000,7.062500,6.750000,6.875000,5.413971,250700
1999-10-13,7.125000,7.375000,7.062500,7.312500,5.758495,472800
1999-10-14,7.437500,7.437500,6.875000,6.875000,5.413971,289000
1999-10-15,7.000000,7.250000,6.875000,7.062500,5.561624,185000
1999-10-18,7.062500,7.187500,7.000000,7.062500,5.561624,211400
1999-10-19,6.875000,6.937500,6.656250,6.812500,5.364752,182300
1999-10-20,6.875000,7.000000,6.781250,6.812500,5.364752,77600
1999-10-21,6.781250,6.812500,6.500000,6.812500,5.364752,114900
1999-10-22,6.562500,6.687500,6.500000,6.562500,5.167881,89400
1999-10-25,6.500000,7.000000,6.000000,6.250000,4.921792,235800
1999-10-26,6.125000,6.187500,5.687500,5.875000,4.626484,304100
1999-10-27,6.062500,6.250000,5.875000,6.187500,4.872575,99700
1999-10-28,6.500000,6.625000,6.437500,6.625000,5.217100,222100
1999-10-29,6.625000,6.687500,6.562500,6.687500,5.266318,85100
1999-11-01,6.500000,6.500000,6.062500,6.156250,4.847964,117100
1999-11-02,6.125000,6.250000,6.125000,6.187500,4.872575,267900
1999-11-03,6.250000,6.250000,6.125000,6.250000,4.921792,29900
1999-11-04,6.250000,6.375000,6.125000,6.125000,4.823356,67500
1999-11-05,6.250000,6.250000,6.062500,6.125000,4.823356,59200
1999-11-08,6.187500,6.187500,6.000000,6.125000,4.823356,43800
1999-11-09,6.187500,6.375000,6.062500,6.312500,4.971009,88500
1999-11-10,6.250000,6.750000,6.125000,6.687500,5.266318,226400
1999-11-11,6.500000,6.687500,6.250000,6.375000,5.020227,139200
1999-11-12,6.250000,6.375000,6.187500,6.250000,4.921792,111100
1999-11-15,6.125000,6.281250,6.125000,6.281250,4.946401,70300
1999-11-16,6.312500,6.312500,6.125000,6.125000,4.823356,142600
1999-11-17,6.281250,6.312500,6.125000,6.125000,4.823356,129500
1999-11-18,6.125000,6.281250,6.062500,6.281250,4.946401,54500
1999-11-19,6.218750,6.437500,6.187500,6.375000,5.020227,59400
1999-11-22,6.375000,6.500000,6.250000,6.437500,5.069445,95500
1999-11-23,6.500000,6.875000,6.500000,6.875000,5.413971,120400
1999-11-24,6.843750,7.125000,6.687500,7.031250,5.537016,287600
1999-11-26,7.062500,7.343750,7.000000,7.250000,5.709279,170700
1999-11-29,6.875000,7.187500,6.562500,6.750000,5.315535,321200
1999-11-30,6.500000,6.625000,6.500000,6.593750,5.192490,60500
1999-12-01,6.531250,6.625000,6.437500,6.500000,5.118665,76900
1999-12-02,6.500000,6.562500,6.375000,6.375000,5.020227,133700
1999-12-03,6.437500,6.500000,6.250000,6.250000,4.921792,115500
1999-12-06,6.281250,6.312500,6.125000,6.156250,4.847964,151300
1999-12-07,6.250000,6.625000,6.187500,6.625000,5.217100,246300
1999-12-08,6.625000,6.625000,6.437500,6.562500,5.167881,91800
1999-12-09,6.500000,6.500000,6.375000,6.375000,5.020227,66900
1999-12-10,6.375000,6.375000,6.187500,6.187500,4.872575,93400
1999-12-13,6.125000,6.156250,6.000000,6.062500,4.774137,115100
1999-12-14,5.968750,6.000000,5.750000,5.812500,4.577266,123400
1999-12-15,5.750000,6.062500,5.750000,6.031250,4.749529,148800
1999-12-16,5.875000,6.062500,5.875000,5.875000,4.626484,101200
1999-12-17,5.968750,6.187500,5.937500,6.125000,4.823356,168000
1999-12-20,6.125000,6.312500,6.125000,6.312500,4.971009,96900
1999-12-21,6.375000,6.500000,6.187500,6.500000,5.118665,89300
1999-12-22,6.437500,6.437500,6.375000,6.375000,5.020227,81600
1999-12-23,6.406250,6.500000,6.375000,6.500000,5.118665,43200
1999-12-27,6.375000,6.500000,6.312500,6.375000,5.020227,133000
1999-12-28,6.437500,6.500000,6.375000,6.437500,5.069445,176500
1999-12-29,6.531250,6.562500,6.375000,6.500000,5.118665,91900
1999-12-30,6.437500,6.500000,6.250000,6.250000,4.921792,93900
1999-12-31,6.250000,6.437500,6.187500,6.281250,4.946401,39100
2000-01-03,6.281250,6.375000,6.187500,6.250000,4.921792,50900
2000-01-04,6.250000,6.312500,6.125000,6.187500,4.872575,121800
2000-01-05,6.125000,6.187500,6.125000,6.187500,4.872575,47600
2000-01-06,6.125000,6.125000,5.812500,6.062500,4.774137,64200
2000-01-07,6.375000,6.375000,6.187500,6.187500,4.872575,27200
2000-01-10,6.375000,6.375000,6.187500,6.187500,4.872575,46100
2000-01-11,6.187500,6.312500,6.125000,6.312500,4.971009,27900
2000-01-12,6.187500,6.312500,6.062500,6.250000,4.921792,34500
2000-01-13,6.187500,6.187500,6.062500,6.062500,4.774137,33500
2000-01-14,6.125000,6.187500,6.125000,6.125000,4.823356,58300
2000-01-18,6.125000,6.187500,6.000000,6.125000,4.823356,151400
2000-01-19,6.125000,6.375000,6.125000,6.250000,4.921792,66400
2000-01-20,6.187500,6.218750,6.031250,6.125000,4.823356,167000
2000-01-21,6.031250,6.125000,6.031250,6.031250,4.749529,66300
2000-01-24,6.062500,6.062500,5.843750,6.000000,4.724920,171100
2000-01-25,5.812500,6.062500,5.812500,6.000000,4.724920,75200
2000-01-26,5.875000,5.937500,5.625000,5.687500,4.478830,135800
2000-01-27,5.750000,5.750000,5.625000,5.750000,4.528048,88800
2000-01-28,5.687500,5.750000,5.000000,5.187500,4.085087,289400
2000-01-31,5.500000,5.750000,5.375000,5.375000,4.232740,164700
2000-02-01,5.437500,5.625000,5.437500,5.468750,4.306568,72000
2000-02-02,5.750000,5.750000,5.500000,5.687500,4.478830,126000
2000-02-03,5.718750,5.937500,5.687500,5.937500,4.675703,74600
2000-02-04,6.187500,7.000000,6.125000,6.812500,5.364752,682900
2000-02-07,7.062500,7.062500,6.500000,6.625000,5.217100,655400
2000-02-08,6.437500,6.468750,6.125000,6.375000,5.020227,135200
2000-02-09,6.625000,6.937500,6.625000,6.687500,5.299570,335100
2000-02-10,6.937500,7.218750,6.718750,7.187500,5.695798,392700
2000-02-11,7.250000,7.250000,6.875000,7.125000,5.646271,216700
2000-02-14,7.000000,7.093750,6.937500,6.937500,5.497684,231900
2000-02-15,6.984375,7.062500,6.875000,6.937500,5.497684,95100
2000-02-16,6.875000,7.062500,6.875000,6.937500,5.497684,141400
2000-02-17,7.125000,7.375000,7.000000,7.000000,5.547212,158900
2000-02-18,7.062500,7.375000,7.062500,7.375000,5.844385,124600
2000-02-22,7.250000,7.375000,7.000000,7.281250,5.770092,285600
2000-02-23,7.250000,7.250000,6.937500,7.000000,5.547212,190800
2000-02-24,6.937500,6.968750,6.750000,6.750000,5.349098,57900
2000-02-25,6.656250,6.656250,6.125000,6.125000,4.853811,142700
2000-02-28,6.125000,6.375000,6.000000,6.187500,4.903341,128400
2000-02-29,6.312500,6.375000,6.281250,6.375000,5.051926,34700
2000-03-01,6.437500,6.625000,6.375000,6.562500,5.200511,137600
2000-03-02,6.500000,6.625000,6.312500,6.406250,5.076690,87600
2000-03-03,6.375000,6.468750,6.250000,6.375000,5.051926,110100
2000-03-06,6.187500,6.375000,6.125000,6.125000,4.853811,134000
2000-03-07,6.187500,6.500000,6.187500,6.437500,5.101454,191800
2000-03-08,6.500000,6.500000,6.312500,6.312500,5.002397,89000
2000-03-09,6.500000,6.500000,6.250000,6.500000,5.150984,59100
2000-03-10,6.500000,6.562500,6.312500,6.500000,5.150984,252100
2000-03-13,6.750000,7.500000,6.687500,7.093750,5.621507,900800
2000-03-14,7.062500,7.062500,6.875000,7.000000,5.547212,299000
2000-03-15,7.000000,7.125000,6.937500,7.125000,5.646271,316000
2000-03-16,7.000000,7.062500,6.812500,6.937500,5.497684,247700
2000-03-17,6.875000,6.906250,6.687500,6.843750,5.423390,332300
2000-03-20,6.843750,6.875000,6.625000,6.875000,5.448155,205500
2000-03-21,6.906250,7.062500,6.812500,7.000000,5.547212,314800
2000-03-22,6.937500,6.937500,6.812500,6.937500,5.497684,167300
2000-03-23,6.843750,6.843750,6.562500,6.687500,5.299570,176500
2000-03-24,6.625000,6.656250,6.500000,6.625000,5.250041,79600
2000-03-27,6.250000,6.437500,5.937500,6.125000,4.853811,266600
2000-03-28,6.125000,6.187500,5.937500,6.062500,4.804282,193900
2000-03-29,6.000000,6.062500,5.500000,5.750000,4.556638,435100
2000-03-30,5.750000,5.968750,5.625000,5.812500,4.606168,93000
2000-03-31,5.750000,6.125000,5.750000,6.125000,4.853811,150900
2000-04-03,6.000000,6.062500,5.750000,5.906250,4.680460,224000
2000-04-04,6.000000,6.312500,5.750000,6.062500,4.804282,349900
2000-04-05,5.937500,6.000000,5.750000,5.812500,4.606168,119500
2000-04-06,5.750000,5.875000,5.625000,5.687500,4.507110,71400
2000-04-07,5.687500,5.687500,5.375000,5.500000,4.358525,130500
2000-04-10,5.625000,5.687500,5.562500,5.687500,4.507110,199200
2000-04-11,5.625000,5.656250,5.500000,5.500000,4.358525,145600
2000-04-12,5.500000,5.625000,5.375000,5.437500,4.308995,193100
2000-04-13,5.531250,5.531250,5.312500,5.375000,4.259466,90400
2000-04-14,5.437500,5.750000,5.250000,5.687500,4.507110,257800
2000-04-17,5.718750,5.718750,5.468750,5.625000,4.457582,245700
2000-04-18,5.250000,5.437500,5.000000,5.343750,4.234703,315100
2000-04-19,5.125000,5.375000,5.125000,5.375000,4.259466,232500
2000-04-20,5.312500,5.375000,5.062500,5.187500,4.110881,89500
2000-04-24,5.171875,5.218750,5.125000,5.187500,4.110881,98600
2000-04-25,5.062500,5.125000,4.750000,4.781250,3.788945,342700
2000-04-26,4.875000,4.875000,4.437500,4.562500,3.615594,248800
2000-04-27,4.625000,4.875000,4.593750,4.812500,3.813708,231700
2000-04-28,4.843750,5.000000,4.656250,5.000000,3.962295,198500
2000-05-01,4.968750,5.062500,4.968750,4.968750,3.937531,102400
2000-05-02,5.125000,6.750000,5.062500,6.687500,5.299570,654100
2000-05-03,6.125000,6.125000,5.500000,5.531250,4.383289,564100
2000-05-04,5.593750,5.656250,5.531250,5.656250,4.482347,508400
2000-05-05,5.656250,5.656250,5.250000,5.437500,4.308995,214100
2000-05-08,5.312500,5.406250,5.250000,5.375000,4.259466,171500
2000-05-09,5.375000,5.375000,5.000000,5.250000,4.160409,281800
2000-05-10,5.406250,5.500000,5.250000,5.375000,4.259466,93000
2000-05-11,5.375000,5.375000,5.125000,5.125000,4.061352,17000
2000-05-12,5.156250,5.312500,5.125000,5.312500,4.209939,103000
2000-05-15,5.093750,5.156250,5.031250,5.062500,4.011823,385000
2000-05-16,5.218750,5.218750,5.062500,5.187500,4.110881,170200
2000-05-17,5.000000,5.046875,4.875000,4.875000,3.863237,142400
2000-05-18,4.875000,4.968750,4.875000,4.937500,3.912766,60900
2000-05-19,5.000000,5.000000,4.750000,4.750000,3.764180,184700
2000-05-22,4.875000,5.125000,4.875000,5.000000,3.962295,142400
2000-05-23,5.031250,5.093750,5.000000,5.000000,3.962295,49000
2000-05-24,5.000000,5.000000,4.812500,4.812500,3.813708,85700
2000-05-25,4.875000,4.875000,4.562500,4.593750,3.640359,180200
2000-05-26,4.750000,5.000000,4.687500,4.812500,3.813708,138000
2000-05-30,4.875000,5.000000,4.875000,4.875000,3.863237,88600
2000-05-31,5.000000,5.000000,4.875000,4.906250,3.888001,48100
2000-06-01,4.906250,5.125000,4.875000,5.031250,3.987059,95700
2000-06-02,5.062500,5.500000,5.031250,5.468750,4.333761,349300
2000-06-05,5.312500,5.500000,5.296875,5.500000,4.358525,240200
2000-06-06,5.468750,5.750000,5.468750,5.625000,4.457582,450100
2000-06-07,5.500000,5.625000,5.437500,5.625000,4.457582,100800
2000-06-08,5.437500,5.500000,5.250000,5.312500,4.209939,179000
2000-06-09,5.312500,5.437500,5.031250,5.031250,3.987059,172900
2000-06-12,5.218750,5.687500,5.156250,5.625000,4.457582,250600
2000-06-13,5.656250,5.656250,5.187500,5.187500,4.110881,453300
2000-06-14,5.437500,5.750000,5.375000,5.750000,4.556638,217000
2000-06-15,5.687500,5.687500,5.437500,5.625000,4.457582,93300
2000-06-16,5.625000,5.687500,5.500000,5.687500,4.507110,87300
2000-06-19,5.609375,5.625000,5.187500,5.187500,4.110881,178700
2000-06-20,5.250000,5.375000,5.000000,5.000000,3.962295,184800
2000-06-21,5.250000,5.250000,5.000000,5.250000,4.160409,173000
2000-06-22,5.250000,5.437500,5.062500,5.187500,4.110881,154800
2000-06-23,5.312500,5.312500,5.125000,5.156250,4.086117,55700
2000-06-26,5.250000,5.437500,5.125000,5.437500,4.308995,86600
2000-06-27,5.437500,5.531250,5.312500,5.531250,4.383289,291200
2000-06-28,5.625000,5.750000,5.437500,5.750000,4.556638,257500
2000-06-29,5.750000,5.750000,5.250000,5.375000,4.259466,244600
2000-06-30,5.375000,5.562500,5.375000,5.562500,4.408054,379300
2000-07-03,5.562500,5.625000,5.406250,5.406250,4.284232,105300
2000-07-05,5.375000,5.390625,4.875000,4.875000,3.863237,371400
2000-07-06,5.062500,5.250000,5.000000,5.125000,4.061352,197900
2000-07-07,5.000000,5.125000,4.937500,4.968750,3.937531,104400
2000-07-10,5.062500,5.218750,5.000000,5.125000,4.061352,187900
2000-07-11,5.125000,5.250000,5.000000,5.000000,3.962295,210600
2000-07-12,4.937500,5.062500,4.875000,5.031250,3.987059,167900
2000-07-13,5.031250,5.062500,4.937500,4.937500,3.912766,160700
2000-07-14,5.000000,5.000000,4.875000,4.937500,3.912766,135700
2000-07-17,5.000000,5.125000,5.000000,5.125000,4.061352,230400
2000-07-18,5.125000,5.125000,5.000000,5.000000,3.962295,101900
2000-07-19,4.937500,5.000000,4.750000,4.750000,3.764180,275400
2000-07-20,4.812500,5.000000,4.750000,4.812500,3.813708,242500
2000-07-21,4.875000,5.062500,4.875000,4.937500,3.912766,76600
2000-07-24,5.062500,5.062500,4.875000,4.875000,3.863237,67200
2000-07-25,5.000000,5.000000,4.875000,4.875000,3.863237,62300
2000-07-26,5.000000,5.500000,4.968750,5.500000,4.358525,445600
2000-07-27,5.500000,5.500000,5.312500,5.375000,4.259466,216500
2000-07-28,5.359375,5.406250,5.250000,5.375000,4.259466,52800
2000-07-31,5.187500,5.218750,5.000000,5.000000,3.962295,63600
2000-08-01,5.062500,5.187500,5.000000,5.187500,4.110881,44100
2000-08-02,5.062500,5.156250,4.937500,5.000000,4.040972,88500
2000-08-03,5.000000,5.062500,4.500000,4.531250,3.662131,624300
2000-08-04,4.625000,4.812500,4.625000,4.687500,3.788412,142300
2000-08-07,5.000000,5.000000,4.750000,4.843750,3.914691,77300
2000-08-08,4.875000,4.906250,4.750000,4.843750,3.914691,49000
2000-08-09,4.750000,4.875000,4.625000,4.687500,3.788412,77900
2000-08-10,4.843750,5.000000,4.843750,4.906250,3.965203,66100
2000-08-11,5.062500,5.250000,5.000000,5.250000,4.243021,191500
2000-08-14,5.187500,5.375000,5.125000,5.375000,4.344045,287100
2000-08-15,5.156250,5.468750,5.156250,5.406250,4.369302,103800
2000-08-16,5.500000,5.687500,5.406250,5.687500,4.596606,218500
2000-08-17,5.625000,5.687500,5.312500,5.312500,4.293533,151000
2000-08-18,5.250000,5.437500,5.187500,5.437500,4.394556,104900
2000-08-21,5.375000,5.375000,5.062500,5.125000,4.141995,245200
2000-08-22,5.093750,5.125000,5.000000,5.000000,4.040972,108700
2000-08-23,5.000000,5.125000,5.000000,5.093750,4.116740,175100
2000-08-24,5.093750,5.156250,5.062500,5.125000,4.141995,57900
2000-08-25,5.093750,5.250000,5.062500,5.250000,4.243021,76400
2000-08-28,5.125000,5.250000,5.000000,5.000000,4.040972,176900
2000-08-29,5.031250,5.250000,5.031250,5.187500,4.192508,364000
2000-08-30,5.218750,5.312500,5.125000,5.312500,4.293533,315400
2000-08-31,5.187500,5.468750,5.187500,5.250000,4.243021,387400
2000-09-01,5.250000,5.437500,5.250000,5.390625,4.356673,638300
2000-09-05,5.328125,5.437500,5.250000,5.437500,4.394556,144300
2000-09-06,5.375000,5.375000,5.250000,5.375000,4.344045,99300
2000-09-07,5.375000,5.500000,5.312500,5.500000,4.445070,210100
2000-09-08,5.437500,5.500000,5.187500,5.375000,4.344045,270300
2000-09-11,5.312500,5.343750,5.250000,5.312500,4.293533,93000
2000-09-12,5.328125,5.406250,5.281250,5.312500,4.293533,176700
2000-09-13,5.312500,5.312500,5.250000,5.250000,4.243021,63900
2000-09-14,5.250000,5.312500,5.250000,5.312500,4.293533,168800
2000-09-15,5.250000,5.281250,5.125000,5.218750,4.217765,102400
2000-09-18,5.156250,5.187500,5.031250,5.125000,4.141995,179500
2000-09-19,5.125000,5.125000,5.000000,5.062500,4.091484,105400
2000-09-20,5.046875,5.046875,4.875000,4.937500,3.990460,228700
2000-09-21,4.937500,4.968750,4.875000,4.937500,3.990460,269400
2000-09-22,5.031250,5.125000,4.937500,5.000000,4.040972,291500
2000-09-25,5.062500,5.062500,4.875000,4.875000,3.939947,102700
2000-09-26,5.000000,5.062500,5.000000,5.031250,4.066228,116800
2000-09-27,5.062500,5.375000,5.062500,5.312500,4.293533,175700
2000-09-28,5.312500,5.375000,5.218750,5.218750,4.217765,99000
2000-09-29,5.187500,5.187500,5.125000,5.125000,4.141995,110100
2000-10-02,5.140625,5.156250,5.062500,5.062500,4.091484,77900
2000-10-03,5.062500,5.062500,4.875000,4.875000,3.939947,106200
2000-10-04,4.906250,4.937500,4.718750,4.812500,3.889434,129600
2000-10-05,4.812500,4.875000,4.437500,4.531250,3.662131,440200
2000-10-06,4.750000,4.750000,4.468750,4.593750,3.712643,197300
2000-10-09,4.562500,4.750000,4.562500,4.750000,3.838923,68000
2000-10-10,4.750000,4.781250,4.625000,4.750000,3.838923,316400
2000-10-11,4.812500,4.812500,4.500000,4.656250,3.763154,254100
2000-10-12,4.546875,5.000000,4.531250,5.000000,4.040972,527700
2000-10-13,5.000000,5.000000,4.625000,4.656250,3.763154,178100
2000-10-16,4.625000,4.656250,4.437500,4.437500,3.586363,112000
2000-10-17,4.343750,4.343750,4.187500,4.250000,3.434827,247300
2000-10-18,4.218750,4.218750,4.125000,4.125000,3.333802,166800
2000-10-19,4.062500,4.140625,4.000000,4.062500,3.283290,123900
2000-10-20,4.031250,4.218750,4.000000,4.218750,3.409570,192800
2000-10-23,4.250000,4.312500,4.187500,4.312500,3.485339,154400
2000-10-24,4.187500,4.312500,4.093750,4.093750,3.308546,141500
2000-10-25,3.968750,3.968750,3.812500,3.875000,3.131753,222800
2000-10-26,3.843750,3.843750,3.625000,3.718750,3.005473,349300
2000-10-27,3.687500,3.812500,3.687500,3.812500,3.081241,133900
2000-10-30,3.812500,3.812500,3.750000,3.812500,3.081241,123200
2000-10-31,3.796875,3.875000,3.750000,3.812500,3.081241,103800
2000-11-01,4.046875,4.062500,3.843750,3.843750,3.106498,140300
2000-11-02,3.937500,3.937500,3.781250,3.937500,3.182266,145600
2000-11-03,3.843750,3.875000,3.687500,3.812500,3.081241,155500
2000-11-06,3.875000,3.906250,3.625000,3.625000,2.929705,248100
2000-11-07,3.750000,3.812500,3.687500,3.750000,3.030729,62600
2000-11-08,3.750000,3.750000,3.687500,3.750000,3.030729,116700
2000-11-09,3.687500,3.703125,3.625000,3.625000,2.929705,141500
2000-11-10,3.625000,3.656250,3.500000,3.625000,2.929705,182900
2000-11-13,3.625000,3.750000,3.500000,3.750000,3.030729,113400
2000-11-14,3.734375,3.750000,3.562500,3.625000,2.929705,180500
2000-11-15,3.718750,3.718750,3.593750,3.687500,2.980217,67800
2000-11-16,3.640625,3.750000,3.625000,3.750000,3.030729,138300
2000-11-17,3.796875,3.812500,3.687500,3.687500,2.980217,124900
2000-11-20,3.687500,3.687500,3.562500,3.625000,2.929705,69400
2000-11-21,3.562500,3.625000,3.500000,3.625000,2.929705,228700
2000-11-22,3.625000,3.843750,3.593750,3.843750,3.106498,205200
2000-11-24,3.843750,3.843750,3.750000,3.843750,3.106498,70100
2000-11-27,3.843750,4.187500,3.812500,4.156250,3.359058,456000
2000-11-28,4.000000,4.000000,3.875000,3.968750,3.207521,375700
2000-11-29,3.937500,3.968750,3.812500,3.843750,3.106498,567100
2000-11-30,3.750000,3.843750,3.750000,3.812500,3.081241,224500
2000-12-01,3.890625,4.000000,3.875000,4.000000,3.232777,157400
2000-12-04,4.125000,4.468750,4.125000,4.437500,3.586363,293900
2000-12-05,4.312500,4.375000,4.281250,4.312500,3.485339,341400
2000-12-06,4.312500,4.968750,4.250000,4.875000,3.939947,375500
2000-12-07,4.812500,4.875000,4.625000,4.718750,3.813668,199900
2000-12-08,4.609375,4.625000,4.406250,4.437500,3.586363,302200
2000-12-11,4.359375,4.375000,3.468750,4.187500,3.384314,258100
2000-12-12,3.984375,4.187500,3.937500,4.062500,3.283290,225900
2000-12-13,4.062500,4.125000,4.000000,4.125000,3.333802,107600
2000-12-14,4.015625,4.187500,4.000000,4.125000,3.333802,89500
2000-12-15,4.187500,4.437500,4.187500,4.437500,3.586363,125000
2000-12-18,4.437500,4.437500,4.250000,4.250000,3.434827,221500
2000-12-19,4.375000,4.500000,4.312500,4.500000,3.636875,125900
2000-12-20,4.562500,4.687500,4.500000,4.625000,3.737899,528400
2000-12-21,4.687500,4.687500,4.562500,4.625000,3.737899,217200
2000-12-22,4.625000,4.875000,4.625000,4.687500,3.788412,264100
2000-12-26,4.781250,4.781250,4.687500,4.781250,3.864180,217100
2000-12-27,4.781250,4.781250,4.500000,4.625000,3.737899,187500
2000-12-28,4.671875,4.687500,4.500000,4.500000,3.636875,175900
2000-12-29,4.562500,4.750000,4.500000,4.687500,3.788412,201700
2001-01-02,4.750000,4.750000,4.500000,4.531250,3.662131,186100
2001-01-03,4.546875,4.687500,4.500000,4.500000,3.636875,379500
2001-01-04,4.625000,4.687500,4.500000,4.625000,3.737899,137300
2001-01-05,4.687500,4.687500,4.500000,4.500000,3.636875,59700
2001-01-08,4.562500,4.812500,4.562500,4.750000,3.838923,144800
2001-01-09,4.734375,4.781250,4.687500,4.781250,3.864180,53300
2001-01-10,4.687500,4.687500,4.500000,4.500000,3.636875,173200
2001-01-11,4.546875,4.546875,4.375000,4.406250,3.561108,91200
2001-01-12,4.390625,4.500000,4.390625,4.500000,3.636875,81900
2001-01-16,4.625000,4.625000,4.500000,4.625000,3.737899,179300
2001-01-17,4.562500,4.718750,4.562500,4.656250,3.763154,75100
2001-01-18,4.750000,4.750000,4.562500,4.687500,3.788412,350700
2001-01-19,4.750000,4.750000,4.687500,4.750000,3.838923,121100
2001-01-22,4.781250,5.000000,4.750000,5.000000,4.040972,405500
2001-01-23,5.000000,5.125000,4.843750,5.125000,4.141995,470700
2001-01-24,4.937500,4.968750,4.750000,4.750000,3.838923,213900
2001-01-25,4.750000,4.937500,4.750000,4.875000,3.939947,107000
2001-01-26,4.875000,4.875000,4.750000,4.750000,3.838923,114300
2001-01-29,4.781250,4.875000,4.625000,4.687500,3.788412,149000
2001-01-30,4.687500,4.812500,4.625000,4.812500,3.889434,159900
2001-01-31,4.750000,4.750000,4.609375,4.687500,3.788412,143600
2001-02-01,4.750000,4.875000,4.687500,4.812500,3.889434,233900
2001-02-02,4.656250,4.687500,4.500000,4.500000,3.636875,232500
2001-02-05,4.437500,4.562500,4.375000,4.562500,3.687387,137700
2001-02-06,4.500000,4.562500,4.375000,4.562500,3.687387,143700
2001-02-07,4.500000,4.531250,4.375000,4.437500,3.586363,52100
2001-02-08,4.500000,4.500000,4.062500,4.062500,3.283290,383300
2001-02-09,4.125000,4.312500,4.093750,4.125000,3.333802,212300
2001-02-12,4.125000,4.375000,4.125000,4.187500,3.384314,162700
2001-02-13,4.281250,4.375000,4.187500,4.187500,3.384314,118200
2001-02-14,4.125000,4.375000,4.125000,4.343750,3.565081,60100
2001-02-15,4.156250,4.218750,3.875000,4.000000,3.282953,210000
2001-02-16,4.046875,4.437500,3.937500,4.437500,3.642026,473200
2001-02-20,4.328125,4.375000,4.125000,4.125000,3.385545,209500
2001-02-21,4.343750,4.406250,4.250000,4.312500,3.539433,154200
2001-02-22,4.250000,4.687500,4.218750,4.312500,3.539433,227900
2001-02-23,4.500000,4.750000,4.468750,4.656250,3.821562,342300
2001-02-26,4.875000,5.500000,4.750000,5.500000,4.514061,739600
2001-02-27,5.531250,5.656250,5.375000,5.562500,4.565357,707100
2001-02-28,5.187500,5.500000,5.062500,5.187500,4.257579,349100
2001-03-01,5.000000,5.062500,4.750000,4.812500,3.949802,675000
2001-03-02,4.750000,4.750000,4.500000,4.625000,3.795914,191900
2001-03-05,4.750000,4.875000,4.687500,4.781250,3.924155,181700
2001-03-06,4.781250,4.812500,4.625000,4.625000,3.795914,191500
2001-03-07,4.687500,4.812500,4.625000,4.781250,3.924155,148600
2001-03-08,5.093750,5.312500,5.000000,5.250000,4.308876,347500
2001-03-09,5.437500,5.531250,5.187500,5.218750,4.283228,698600
2001-03-12,5.406250,5.562500,5.312500,5.562500,4.565357,638700
2001-03-13,5.281250,5.437500,5.093750,5.156250,4.231932,352100
2001-03-14,5.156250,5.156250,4.906250,5.000000,4.103690,269400
2001-03-15,5.000000,5.000000,4.718750,4.750000,3.898506,325400
2001-03-16,4.750000,4.750000,4.500000,4.562500,3.744618,226900
2001-03-19,4.437500,4.718750,4.312500,4.406250,3.616378,713900
2001-03-20,4.390625,4.687500,4.375000,4.562500,3.744618,297200
2001-03-21,4.546875,4.781250,4.531250,4.562500,3.744618,230200
2001-03-22,4.593750,4.718750,4.562500,4.625000,3.795914,269700
2001-03-23,5.000000,5.062500,4.843750,4.843750,3.975450,355800
2001-03-26,4.843750,4.968750,4.843750,4.968750,4.078043,96400
2001-03-27,4.968750,4.968750,4.875000,4.875000,4.001099,50000
2001-03-28,4.843750,4.875000,4.656250,4.812500,3.949802,128800
2001-03-29,4.750000,4.765625,4.625000,4.687500,3.847211,61500
2001-03-30,4.671875,4.812500,4.593750,4.812500,3.949802,118900
2001-04-02,4.765625,4.812500,4.562500,4.562500,3.744618,69600
2001-04-03,4.750000,4.843750,4.531250,4.812500,3.949802,258100
2001-04-04,4.875000,5.312500,4.828125,5.312500,4.360172,422300
2001-04-05,5.156250,5.250000,5.000000,5.000000,4.103690,230500
2001-04-06,4.937500,5.000000,4.843750,4.937500,4.052395,418100
2001-04-09,5.000000,5.030000,4.500000,4.800000,3.939544,190300
2001-04-10,4.950000,4.950000,4.800000,4.900000,4.021618,153700
2001-04-11,4.810000,4.900000,4.800000,4.900000,4.021618,131100
2001-04-12,4.830000,5.000000,4.720000,5.000000,4.103690,403900
2001-04-16,4.990000,5.150000,4.930000,5.050000,4.144728,161200
2001-04-17,4.980000,4.980000,4.800000,4.800000,3.939544,124500
2001-04-18,4.620000,4.870000,4.500000,4.860000,3.988787,343400
2001-04-19,4.740000,4.800000,4.630000,4.760000,3.906714,278700
2001-04-20,4.760000,4.770000,4.650000,4.650000,3.816432,202700
2001-04-23,4.600000,4.650000,4.500000,4.500000,3.693322,172400
2001-04-24,4.540000,4.800000,4.520000,4.800000,3.939544,521200
2001-04-25,4.830000,4.940000,4.600000,4.610000,3.783604,397400
2001-04-26,4.690000,4.970000,4.690000,4.960000,4.070862,578100
2001-04-27,5.000000,5.000000,4.780000,4.850000,3.980581,343800
2001-04-30,4.810000,4.950000,4.810000,4.880000,4.005203,306600
2001-05-01,4.900000,5.020000,4.860000,5.020000,4.120106,406700
2001-05-02,4.880000,4.930000,4.800000,4.900000,4.021618,231000
2001-05-03,4.890000,4.900000,4.650000,4.650000,3.816432,258300
2001-05-04,4.770000,4.800000,4.640000,4.740000,3.890299,185500
2001-05-07,4.720000,4.840000,4.720000,4.830000,3.964165,173600
2001-05-08,4.780000,4.850000,4.750000,4.830000,3.964165,129000
2001-05-09,4.980000,5.220000,4.920000,5.190000,4.259632,1158000
2001-05-10,5.180000,5.270000,5.110000,5.240000,4.300668,1229200
2001-05-11,5.260000,5.550000,5.210000,5.340000,4.382742,644300
2001-05-14,5.290000,5.500000,5.260000,5.450000,4.473023,384500
2001-05-15,5.400000,5.500000,5.290000,5.480000,4.497646,254400
2001-05-16,5.550000,5.910000,5.550000,5.860000,4.809526,829400
2001-05-17,6.090000,6.280000,6.050000,6.160000,5.055746,1079500
2001-05-18,5.750000,6.470000,5.630000,6.300000,5.170650,1516100
2001-05-21,6.400000,6.500000,6.240000,6.460000,5.301968,1045800
2001-05-22,6.220000,6.230000,5.980000,6.180000,5.072162,379700
2001-05-23,5.990000,6.030000,5.720000,5.820000,4.776697,537500
2001-05-24,5.960000,6.060000,5.390000,5.450000,4.473023,738700
2001-05-25,5.620000,5.920000,5.550000,5.900000,4.842356,204900
2001-05-29,5.790000,5.800000,5.450000,5.480000,4.497646,538500
2001-05-30,5.440000,5.500000,5.050000,5.090000,4.177558,487400
2001-05-31,5.040000,5.170000,4.840000,4.850000,3.980581,939300
2001-06-01,4.910000,5.140000,4.900000,5.140000,4.218594,444000
2001-06-04,5.280000,5.330000,5.050000,5.250000,4.308876,414500
2001-06-05,5.370000,5.560000,5.300000,5.560000,4.563304,377100
2001-06-06,5.450000,5.560000,5.300000,5.330000,4.374535,362700
2001-06-07,5.380000,5.500000,5.300000,5.300000,4.349912,102200
2001-06-08,5.470000,5.790000,5.420000,5.730000,4.702830,426400
2001-06-11,5.650000,5.700000,5.430000,5.470000,4.489438,218800
2001-06-12,5.650000,5.780000,5.590000,5.740000,4.711038,322200
2001-06-13,5.670000,5.780000,5.600000,5.780000,4.743867,235000
2001-06-14,5.730000,6.040000,5.650000,5.880000,4.825940,424900
2001-06-15,5.700000,5.810000,5.630000,5.660000,4.645379,581400
2001-06-18,5.740000,5.800000,5.400000,5.780000,4.743867,631000
2001-06-19,5.760000,5.900000,5.600000,5.780000,4.743867,1532800
2001-06-20,5.600000,5.680000,5.400000,5.420000,4.448402,674600
2001-06-21,5.400000,5.470000,5.340000,5.350000,4.390950,295500
2001-06-22,5.450000,5.540000,5.230000,5.370000,4.407364,855100
2001-06-25,5.580000,5.720000,5.550000,5.650000,4.637170,917000
2001-06-26,5.780000,6.000000,5.650000,5.970000,4.899807,567700
2001-06-27,6.000000,6.010000,5.850000,5.860000,4.809526,850600
2001-06-28,5.890000,5.920000,5.660000,5.740000,4.711038,511300
2001-06-29,5.780000,5.890000,5.690000,5.690000,4.670001,228600
2001-07-02,5.750000,5.760000,5.550000,5.560000,4.563304,383900
2001-07-03,5.510000,5.580000,5.500000,5.530000,4.538683,101600
2001-07-05,5.250000,5.340000,5.110000,5.250000,4.308876,519500
2001-07-06,5.120000,5.280000,5.120000,5.250000,4.308876,331500
2001-07-09,5.240000,5.350000,5.220000,5.320000,4.366327,175700
2001-07-10,5.380000,5.440000,5.320000,5.400000,4.431986,241800
2001-07-11,5.420000,5.590000,5.340000,5.470000,4.489438,586700
2001-07-12,5.310000,5.440000,5.100000,5.270000,4.325290,391300
2001-07-13,5.250000,5.300000,5.200000,5.250000,4.308876,265800
2001-07-16,5.240000,5.290000,5.230000,5.240000,4.300668,489400
2001-07-17,5.220000,5.320000,5.220000,5.320000,4.366327,621800
2001-07-18,5.310000,5.510000,5.310000,5.510000,4.522268,548200
2001-07-19,5.530000,5.540000,5.380000,5.420000,4.448402,458600
2001-07-20,5.410000,5.600000,5.410000,5.530000,4.538683,305000
2001-07-23,5.520000,5.550000,5.400000,5.410000,4.440194,385800
2001-07-24,5.430000,5.610000,5.420000,5.450000,4.473023,356900
2001-07-25,5.460000,5.540000,5.420000,5.420000,4.448402,1039000
2001-07-26,5.400000,5.450000,5.320000,5.320000,4.366327,230300
2001-07-27,5.280000,5.370000,5.130000,5.370000,4.407364,238100
2001-07-30,5.220000,5.300000,5.200000,5.240000,4.300668,132500
2001-07-31,5.040000,5.130000,4.710000,5.080000,4.169351,1494000
2001-08-01,4.920000,4.950000,4.710000,4.790000,3.931336,632600
2001-08-02,4.920000,5.200000,4.810000,5.200000,4.267839,452800
2001-08-03,5.070000,5.120000,4.960000,5.070000,4.161143,137400
2001-08-06,5.040000,5.120000,4.950000,5.120000,4.202180,200900
2001-08-07,4.950000,4.950000,4.850000,4.880000,4.005203,342800
2001-08-08,4.880000,5.070000,4.870000,5.040000,4.136521,274600
2001-08-09,5.130000,5.520000,5.120000,5.470000,4.489438,665700
2001-08-10,5.300000,5.400000,5.120000,5.390000,4.423779,868000
2001-08-13,5.300000,5.440000,5.250000,5.410000,4.440194,480400
2001-08-14,5.190000,5.400000,5.160000,5.390000,4.423779,250300
2001-08-15,5.290000,5.300000,5.140000,5.140000,4.286187,350700
2001-08-16,5.130000,5.250000,5.050000,5.190000,4.327882,255800
2001-08-17,5.160000,5.390000,5.120000,5.180000,4.319543,909200
2001-08-20,5.180000,5.190000,5.000000,5.190000,4.327882,382400
2001-08-21,5.090000,5.100000,4.960000,5.050000,4.211137,260600
2001-08-22,5.050000,5.080000,4.950000,5.020000,4.186121,167200
2001-08-23,4.960000,5.080000,4.940000,5.080000,4.236155,183400
2001-08-24,4.970000,4.970000,4.730000,4.880000,4.069377,228900
2001-08-27,4.810000,4.860000,4.750000,4.750000,3.960970,136000
2001-08-28,4.690000,4.790000,4.630000,4.780000,3.985987,309900
2001-08-29,4.800000,4.950000,4.800000,4.950000,4.127748,121400
2001-08-30,4.900000,4.920000,4.810000,4.870000,4.061037,133400
2001-08-31,4.830000,4.840000,4.650000,4.700000,3.919277,140500
2001-09-04,4.710000,4.750000,4.510000,4.520000,3.769177,348900
2001-09-05,4.700000,4.720000,4.510000,4.560000,3.802532,292100
2001-09-06,4.640000,4.750000,4.550000,4.600000,3.835887,141900
2001-09-07,4.750000,4.930000,4.740000,4.780000,3.985987,142700
2001-09-10,4.790000,4.800000,4.610000,4.650000,3.877581,178100
2001-09-17,5.300000,5.320000,4.740000,5.150000,4.294527,979000
2001-09-18,5.130000,5.220000,4.990000,5.220000,4.352898,392100
2001-09-19,5.090000,5.240000,5.010000,5.200000,4.336221,1058000
2001-09-20,5.050000,5.170000,5.010000,5.170000,4.311204,1063800
2001-09-21,5.080000,5.250000,4.950000,5.180000,4.319543,1222900
2001-09-24,5.090000,5.120000,5.020000,5.110000,4.261170,422300
2001-09-25,5.000000,5.100000,4.990000,5.020000,4.186121,326700
2001-09-26,5.060000,5.410000,5.050000,5.370000,4.477982,1065600
2001-09-27,5.350000,5.450000,5.260000,5.310000,4.427949,801800
2001-09-28,5.390000,5.470000,5.310000,5.310000,4.427949,273900
2001-10-01,5.450000,5.620000,5.400000,5.620000,4.686453,831300
2001-10-02,5.660000,5.700000,5.450000,5.690000,4.744826,507000
2001-10-03,5.700000,5.750000,5.450000,5.490000,4.578048,373900
2001-10-04,5.530000,5.640000,5.410000,5.500000,4.586388,408900
2001-10-05,5.630000,6.150000,5.570000,6.070000,5.061704,1720200
2001-10-08,6.100000,6.180000,5.880000,5.990000,4.994993,601900
2001-10-09,5.910000,5.910000,5.550000,5.630000,4.694794,622100
2001-10-10,5.550000,5.680000,5.260000,5.260000,4.386255,641800
2001-10-11,5.430000,5.490000,5.130000,5.170000,4.311204,745800
2001-10-12,5.410000,5.630000,5.400000,5.460000,4.553031,537400
2001-10-15,5.620000,5.750000,5.610000,5.670000,4.728148,582200
2001-10-16,5.610000,5.850000,5.560000,5.840000,4.869908,410900
2001-10-17,5.840000,6.020000,5.710000,6.020000,5.020010,591400
2001-10-18,5.980000,6.050000,5.810000,5.860000,4.886588,718300
2001-10-19,5.940000,5.990000,5.750000,5.750000,4.794859,563800
2001-10-22,5.700000,5.800000,5.500000,5.510000,4.594727,1012400
2001-10-23,5.530000,5.700000,5.480000,5.690000,4.744826,457300
2001-10-24,5.770000,5.980000,5.700000,5.980000,4.986654,484000
2001-10-25,5.920000,6.090000,5.640000,5.670000,4.728148,564100
2001-10-26,5.750000,5.800000,5.650000,5.710000,4.761504,198000
2001-10-29,5.870000,5.940000,5.800000,5.880000,4.903265,331100
2001-10-30,5.900000,5.940000,5.810000,5.860000,4.886588,578300
2001-10-31,5.800000,5.860000,5.740000,5.860000,4.886588,232900
2001-11-01,5.830000,5.860000,5.700000,5.700000,4.753165,345000
2001-11-02,5.800000,5.800000,5.630000,5.700000,4.753165,282100
2001-11-05,5.700000,5.710000,5.510000,5.590000,4.661437,378100
2001-11-06,5.600000,5.720000,5.510000,5.530000,4.611405,428500
2001-11-07,5.550000,5.640000,5.500000,5.610000,4.678115,416300
2001-11-08,5.650000,5.650000,5.350000,5.460000,4.553031,409600
2001-11-09,5.470000,5.540000,5.340000,5.410000,4.511337,292900
2001-11-12,5.400000,5.620000,5.260000,5.260000,4.386255,383200
2001-11-13,5.180000,5.220000,5.030000,5.200000,4.336221,502200
2001-11-14,5.170000,5.180000,5.010000,5.050000,4.211137,539100
2001-11-15,5.270000,5.280000,4.940000,5.250000,4.377914,761000
2001-11-16,5.120000,5.180000,5.000000,5.160000,4.302865,736000
2001-11-19,5.150000,5.250000,4.960000,5.110000,4.261170,577200
2001-11-20,5.010000,5.130000,4.980000,5.030000,4.194460,1096100
2001-11-21,5.170000,5.190000,5.110000,5.150000,4.294527,410500
2001-11-23,5.310000,5.410000,5.170000,5.200000,4.336221,405600
2001-11-26,5.400000,5.460000,5.270000,5.340000,4.452966,227100
2001-11-27,5.390000,5.700000,5.370000,5.700000,4.753165,328500
2001-11-28,5.660000,5.750000,5.620000,5.700000,4.753165,271900
2001-11-29,5.680000,5.680000,5.370000,5.400000,4.502998,309000
2001-11-30,5.540000,5.630000,5.450000,5.510000,4.594727,1533100
2001-12-03,5.500000,5.750000,5.500000,5.690000,4.744826,1102200
2001-12-04,5.730000,5.780000,5.620000,5.640000,4.703132,360600
2001-12-05,5.900000,5.930000,5.710000,5.850000,4.878248,840600
2001-12-06,5.960000,6.090000,5.940000,5.950000,4.961637,1282000
2001-12-07,5.970000,6.000000,5.860000,5.870000,4.894926,902300
2001-12-10,5.880000,6.040000,5.800000,5.990000,4.994993,1053700
2001-12-11,6.000000,6.050000,5.850000,6.000000,5.003332,1192600
2001-12-12,6.040000,6.250000,6.000000,6.190000,5.161769,343600
2001-12-13,6.510000,6.690000,6.430000,6.690000,5.578716,932900
2001-12-14,6.790000,7.090000,6.720000,6.930000,5.778847,1329500
2001-12-17,6.800000,6.890000,6.650000,6.880000,5.737154,450700
2001-12-18,6.610000,6.970000,6.580000,6.940000,5.787188,717000
2001-12-19,6.840000,6.850000,6.610000,6.710000,5.595393,468000
2001-12-20,6.780000,6.930000,6.720000,6.840000,5.703798,1072700
2001-12-21,6.830000,6.880000,6.500000,6.730000,5.612070,829200
2001-12-24,6.540000,6.810000,6.540000,6.760000,5.637086,177400
2001-12-26,6.690000,6.790000,6.590000,6.750000,5.628748,139600
2001-12-27,6.380000,6.640000,6.300000,6.610000,5.512004,981100
2001-12-28,6.620000,6.680000,6.430000,6.500000,5.420276,374100
2001-12-31,6.450000,6.590000,6.380000,6.510000,5.428615,276900
2002-01-02,6.570000,6.710000,6.560000,6.620000,5.520342,271600
2002-01-03,6.670000,6.730000,6.500000,6.560000,5.470309,524200
2002-01-04,6.890000,7.000000,6.760000,6.810000,5.678782,864700
2002-01-07,6.940000,7.000000,6.850000,6.900000,5.753832,322600
2002-01-08,6.580000,6.650000,6.470000,6.610000,5.512004,767600
2002-01-09,6.390000,6.930000,6.310000,6.870000,5.728814,2867200
2002-01-10,7.020000,7.110000,6.960000,7.030000,5.862236,814800
2002-01-11,7.090000,7.120000,6.810000,7.110000,5.928948,508900
2002-01-14,7.200000,7.270000,7.110000,7.200000,6.003997,723500
2002-01-15,6.950000,7.190000,6.910000,7.160000,5.970643,381500
2002-01-16,7.190000,7.480000,7.170000,7.320000,6.104064,904300
2002-01-17,7.400000,7.410000,7.060000,7.150000,5.962303,765900
2002-01-18,7.090000,7.150000,6.920000,6.930000,5.778847,712500
2002-01-22,6.900000,7.070000,6.750000,7.040000,5.870575,704500
2002-01-23,7.140000,7.200000,6.910000,7.180000,5.987320,823000
2002-01-24,7.020000,7.060000,6.850000,6.860000,5.720475,371600
2002-01-25,6.780000,7.050000,6.750000,7.040000,5.870575,366900
2002-01-28,7.000000,7.070000,6.950000,7.010000,5.845559,278400
2002-01-29,6.960000,7.410000,6.960000,7.400000,6.170776,633800
2002-01-30,7.330000,7.570000,7.320000,7.470000,6.229147,594800
2002-01-31,7.750000,8.040000,7.700000,7.990000,6.662770,690300
2002-02-01,8.000000,8.590000,7.860000,7.900000,6.587720,1790100
2002-02-04,8.270000,8.760000,8.200000,8.600000,7.171442,1362500
2002-02-05,8.750000,9.200000,8.500000,9.110000,7.596724,2040600
2002-02-06,9.800000,9.870000,8.900000,8.900000,7.421608,3014600
2002-02-07,9.170000,9.390000,8.950000,9.300000,7.755163,1012900
2002-02-08,9.400000,10.030000,9.370000,9.680000,8.072042,1140700
2002-02-11,9.590000,9.720000,9.000000,9.000000,7.504998,1821100
2002-02-12,9.240000,9.480000,9.100000,9.430000,7.863570,1122200
2002-02-13,9.290000,9.600000,9.170000,9.450000,7.935791,660400
2002-02-14,9.790000,10.200000,9.640000,10.140000,8.515230,752000
2002-02-15,10.250000,10.970000,10.250000,10.500000,8.817544,2238900
2002-02-19,9.870000,10.240000,9.210000,9.370000,7.868607,1973200
2002-02-20,9.250000,9.340000,8.760000,9.000000,7.557895,1270400
2002-02-21,8.870000,9.490000,8.770000,9.450000,7.935791,994600
2002-02-22,9.860000,9.900000,9.500000,9.660000,8.112141,621400
2002-02-25,9.630000,9.670000,9.260000,9.260000,7.776234,545500
2002-02-26,9.420000,10.400000,9.400000,10.300000,8.649591,1306100
2002-02-27,10.470000,10.500000,10.000000,10.500000,8.817544,955300
2002-02-28,10.500000,10.700000,10.410000,10.560000,8.867930,649100
2002-03-01,10.230000,10.640000,10.010000,10.480000,8.800749,809700
2002-03-04,10.300000,10.360000,9.800000,10.050000,8.439650,1025100
2002-03-05,10.030000,10.180000,9.400000,9.530000,8.002970,999900
2002-03-06,9.430000,9.730000,9.380000,9.700000,8.145733,1113900
2002-03-07,9.350000,9.380000,8.800000,8.950000,7.515906,1093500
2002-03-08,8.770000,8.800000,8.310000,8.470000,7.112819,1609600
2002-03-11,8.900000,9.090000,8.680000,8.690000,7.297568,1080100
2002-03-12,9.200000,9.230000,8.950000,9.110000,7.650268,846500
2002-03-13,9.160000,9.250000,9.030000,9.070000,7.616678,870600
2002-03-14,8.900000,9.210000,8.800000,9.150000,7.683859,931000
2002-03-15,9.120000,9.250000,9.070000,9.130000,7.667065,847400
2002-03-18,9.200000,9.870000,9.050000,9.750000,8.187717,2559400
2002-03-19,9.920000,9.930000,9.430000,9.470000,7.952586,826900
2002-03-20,9.430000,9.800000,9.320000,9.750000,8.187717,1067100
2002-03-21,9.740000,10.130000,9.700000,9.920000,8.330480,1153900
2002-03-22,9.940000,10.930000,9.880000,10.840000,9.103066,1998900
2002-03-25,10.910000,11.800000,10.650000,11.630000,9.766481,2391900
2002-03-26,10.990000,11.180000,10.690000,10.930000,9.178644,2114700
2002-03-27,11.010000,11.850000,11.000000,11.690000,9.816866,2415700
2002-03-28,11.600000,11.600000,11.220000,11.300000,9.489356,1197400
2002-04-01,11.230000,11.550000,10.950000,11.310000,9.497754,1325800
2002-04-02,11.540000,11.770000,11.150000,11.190000,9.396983,1665700
2002-04-03,10.730000,11.030000,10.510000,10.610000,8.909919,1004700
2002-04-04,10.550000,10.770000,10.180000,10.690000,8.977098,869800
2002-04-05,10.680000,10.700000,10.390000,10.450000,8.775556,528200
2002-04-08,10.850000,10.890000,10.450000,10.540000,8.851134,674200
2002-04-09,10.610000,10.830000,10.510000,10.600000,8.901521,835900
2002-04-10,11.100000,12.130000,10.950000,12.040000,10.110784,1977600
2002-04-11,12.190000,12.950000,12.160000,12.560000,10.547462,1832000
2002-04-12,12.210000,12.590000,12.030000,12.370000,10.387908,1043200
2002-04-15,12.460000,12.490000,12.220000,12.350000,10.371109,663800
2002-04-16,12.170000,12.410000,12.060000,12.310000,10.337520,814200
2002-04-17,12.910000,13.310000,12.600000,13.260000,11.135298,1539200
2002-04-18,13.410000,13.490000,12.820000,12.900000,10.832983,1928100
2002-04-19,12.720000,13.450000,12.660000,13.400000,11.252867,974800
2002-04-22,13.460000,14.010000,13.460000,13.860000,11.639157,1334500
2002-04-23,13.350000,13.860000,13.330000,13.800000,11.588774,1327200
2002-04-24,13.870000,14.250000,13.670000,14.140000,11.874291,1379300
2002-04-25,14.880000,14.900000,13.880000,14.000000,11.756725,2096500
2002-04-26,14.030000,15.070000,13.750000,15.000000,12.596492,1938500
2002-04-29,14.390000,14.500000,13.660000,14.050000,11.798714,2936300
2002-04-30,13.060000,13.280000,12.850000,13.050000,10.958946,3347400
2002-05-01,12.990000,14.100000,12.990000,13.600000,11.420818,2963600
2002-05-02,13.150000,13.480000,13.100000,13.130000,11.026128,2425700
2002-05-03,13.900000,14.250000,13.720000,14.100000,11.840702,1380100
2002-05-06,14.220000,14.900000,14.140000,14.800000,12.428538,1621500
2002-05-07,14.650000,15.250000,14.450000,14.530000,12.201800,2145400
2002-05-08,14.000000,14.640000,13.960000,14.370000,12.067438,2087600
2002-05-09,14.490000,15.400000,14.420000,15.270000,12.823228,1410900
2002-05-10,15.250000,15.900000,15.230000,15.860000,13.318689,1836200
2002-05-13,15.830000,16.450001,15.800000,16.330000,13.713380,1902300
2002-05-14,16.170000,16.530001,15.270000,15.310000,12.856819,2717400
2002-05-15,15.130000,15.750000,15.070000,15.100000,12.680468,1679900
2002-05-16,15.490000,15.670000,15.200000,15.460000,12.982783,2160200
2002-05-17,15.680000,16.299999,15.530000,16.240000,13.637802,1817000
2002-05-20,16.200001,17.000000,15.910000,16.740000,14.057685,2486700
2002-05-21,16.750000,17.500000,16.570000,17.420000,14.628728,3310900
2002-05-22,18.200001,18.320000,17.559999,17.719999,14.880654,3709800
2002-05-23,17.280001,18.350000,17.209999,18.110001,15.208164,3257700
2002-05-24,18.370001,18.850000,17.900000,18.059999,15.166176,2056700
2002-05-28,18.430000,19.000000,17.910000,18.870001,15.846385,3282500
2002-05-29,18.580000,18.940001,17.200001,17.280001,14.511157,4157700
2002-05-30,17.160000,17.400000,15.760000,16.219999,13.621008,5207000
2002-05-31,16.150000,16.430000,15.470000,16.190001,13.595813,4434600
2002-06-03,15.940000,17.330000,15.800000,17.230000,14.469170,3463200
2002-06-04,17.790001,18.100000,16.799999,16.910000,14.200446,3584200
2002-06-05,15.990000,16.290001,15.230000,15.600000,13.100350,3457800
2002-06-06,15.440000,16.270000,15.400000,15.950000,13.394269,2929000
2002-06-07,16.450001,16.480000,14.500000,14.550000,12.218596,3851600
2002-06-10,14.060000,14.450000,13.000000,13.110000,11.009334,4399000
2002-06-11,12.190000,14.430000,12.150000,14.380000,12.075836,6762700
2002-06-12,14.170000,14.300000,13.150000,13.270000,11.143696,4640300
2002-06-13,13.270000,13.550000,12.540000,13.020000,10.933756,3382400
2002-06-14,13.990000,14.190000,13.160000,13.390000,11.244471,3350900
2002-06-17,13.170000,13.540000,12.560000,12.580000,10.564257,1815900
2002-06-18,12.800000,13.780000,12.540000,13.600000,11.420818,2689500
2002-06-19,13.960000,14.130000,13.450000,13.530000,11.362035,2808600
2002-06-20,13.970000,15.070000,13.640000,14.890000,12.504116,3298100
2002-06-21,15.050000,15.300000,14.540000,14.690000,12.336162,3222100
2002-06-24,15.270000,15.700000,14.350000,14.850000,12.470526,4733600
2002-06-25,14.310000,14.790000,14.030000,14.490000,12.168212,3815500
2002-06-26,15.770000,15.800000,14.390000,14.400000,12.092630,5677900
2002-06-27,14.100000,14.650000,13.590000,13.650000,11.462806,3616800
2002-06-28,13.850000,14.060000,13.050000,13.530000,11.362035,2779500
2002-07-01,13.610000,14.850000,13.300000,14.770000,12.403348,2740100
2002-07-02,14.550000,14.950000,13.750000,13.760000,11.555181,3032200
2002-07-03,13.740000,14.180000,13.520000,13.630000,11.446010,2087100
2002-07-05,13.950000,14.130000,13.730000,13.750000,11.546782,556100
2002-07-08,14.190000,14.900000,14.050000,14.770000,12.403348,1549900
2002-07-09,15.230000,16.750000,15.180000,16.730000,14.049287,4323800
2002-07-10,16.490000,16.920000,16.100000,16.860001,14.158458,3395000
2002-07-11,16.600000,17.219999,15.960000,16.040001,13.469849,3340800
2002-07-12,15.730000,16.709999,15.500000,16.580000,13.923321,2602700
2002-07-15,16.900000,17.270000,15.310000,15.340000,12.882011,3926800
2002-07-16,15.710000,16.100000,15.070000,15.420000,12.949195,1947200
2002-07-17,14.440000,14.990000,14.060000,14.410000,12.101029,3649800
2002-07-18,14.470000,14.800000,14.370000,14.620000,12.277382,1780500
2002-07-19,15.620000,15.800000,14.750000,15.540000,13.049965,2914300
2002-07-22,15.260000,15.590000,14.120000,14.190000,11.916281,2191000
2002-07-23,14.050000,14.070000,12.250000,12.950000,10.874969,4701100
2002-07-24,12.240000,13.650000,11.570000,13.460000,11.303250,4802600
2002-07-25,12.800000,12.950000,11.850000,11.850000,9.951228,2835700
2002-07-26,11.050000,11.200000,9.980000,10.010000,8.406057,4462100
2002-07-29,10.440000,11.480000,10.170000,11.340000,9.522946,3254600
2002-07-30,12.000000,12.250000,11.310000,11.770000,9.884048,2391100
2002-07-31,11.900000,11.990000,10.960000,11.100000,9.321404,2150600
2002-08-01,10.560000,11.800000,10.540000,11.700000,9.825263,2222200
2002-08-02,11.760000,12.450000,11.550000,12.000000,10.077192,1658800
2002-08-05,12.380000,12.750000,10.950000,11.050000,9.279415,2545700
2002-08-06,11.210000,12.100000,11.110000,11.970000,10.052001,1727500
2002-08-07,12.560000,13.000000,12.050000,12.110000,10.169567,2265100
2002-08-08,12.160000,12.260000,11.250000,11.270000,9.464164,1547800
2002-08-09,11.620000,12.610000,11.550000,12.550000,10.539064,1874300
2002-08-12,12.820000,12.930000,12.450000,12.580000,10.564257,1489600
2002-08-13,12.690000,12.870000,12.460000,12.650000,10.623042,963000
2002-08-14,13.080000,13.150000,11.990000,12.450000,10.455087,1770700
2002-08-15,12.500000,13.270000,12.210000,13.230000,11.110104,1308700
2002-08-16,13.080000,13.450000,12.800000,13.110000,11.009334,1321400
2002-08-19,12.560000,12.910000,11.760000,12.010000,10.085592,1956800
2002-08-20,12.210000,13.200000,12.200000,12.520000,10.513870,1608700
2002-08-21,12.380000,12.820000,12.210000,12.370000,10.387908,1052000
2002-08-22,12.400000,12.990000,12.000000,12.900000,10.832983,1481600
2002-08-23,12.750000,13.000000,12.310000,12.370000,10.387908,1243000
2002-08-26,12.720000,13.300000,12.670000,13.250000,11.126900,1499100
2002-08-27,13.250000,14.080000,13.100000,13.720000,11.521589,1896200
2002-08-28,13.420000,13.550000,13.010000,13.120000,11.349444,1827200
2002-08-29,13.450000,14.350000,13.410000,14.350000,12.413458,2535300
2002-08-30,14.600000,14.610000,14.080000,14.250000,12.326954,1081700
2002-09-03,14.830000,14.840000,14.200000,14.590000,12.621067,1808200
2002-09-04,14.730000,14.940000,14.410000,14.670000,12.690270,2045800
2002-09-05,15.200000,15.700000,14.920000,15.530000,13.434216,2553200
2002-09-06,15.230000,16.389999,15.160000,16.309999,14.108951,2936300
2002-09-09,16.900000,17.860001,16.790001,17.660000,15.276766,5486200
2002-09-10,16.440001,16.950001,15.900000,16.100000,13.927292,4276000
2002-09-11,15.200000,16.410000,15.150000,16.200001,14.013801,1973900
2002-09-12,16.420000,17.190001,16.309999,17.139999,14.826944,2961700
2002-09-13,16.900000,17.129999,16.500000,16.850000,14.576077,2443800
2002-09-16,16.650000,17.410000,16.450001,17.180000,14.861546,2092600
2002-09-17,16.100000,16.920000,16.049999,16.340000,14.134903,2604100
2002-09-18,16.719999,17.180000,16.100000,16.559999,14.325215,2455800
2002-09-19,17.150000,17.250000,16.490000,17.000000,14.705840,1865400
2002-09-20,16.250000,16.660000,16.150000,16.459999,14.238711,2195200
2002-09-23,16.660000,16.700001,15.790000,15.920000,13.771585,2272900
2002-09-24,16.410000,16.639999,15.900000,16.600000,14.359818,3102200
2002-09-25,16.110001,16.379999,15.300000,15.650000,13.538019,2489200
2002-09-26,15.000000,15.470000,14.500000,15.280000,13.217950,2894500
2002-09-27,15.610000,15.890000,15.100000,15.460000,13.373661,1764000
2002-09-30,15.910000,16.260000,15.550000,15.650000,13.538019,2149700
2002-10-01,15.410000,15.630000,14.500000,14.660000,12.681622,1652500
2002-10-02,15.080000,15.200000,14.530000,14.840000,12.837332,1746600
2002-10-03,15.160000,15.300000,14.950000,15.110000,13.070892,1519700
2002-10-04,15.010000,15.550000,14.960000,15.290000,13.226603,1256300
2002-10-07,15.260000,15.500000,14.510000,14.990000,12.967089,1520200
2002-10-08,14.710000,15.140000,14.090000,14.580000,12.612419,1887100
2002-10-09,14.780000,15.100000,14.550000,14.600000,12.629719,1684600
2002-10-10,14.650000,14.760000,13.550000,13.890000,12.015534,2870900
2002-10-11,13.810000,14.500000,13.560000,14.290000,12.361551,1816900
2002-10-14,14.900000,15.070000,14.700000,15.060000,13.027642,1150700
2002-10-15,14.550000,14.560000,13.830000,14.180000,12.266397,1753900
2002-10-16,14.050000,14.550000,13.810000,13.810000,11.946329,1923200
2002-10-17,12.750000,13.200000,12.620000,13.010000,11.254291,3737200
2002-10-18,13.140000,13.250000,12.250000,12.290000,10.631455,2617800
2002-10-21,12.320000,12.400000,11.620000,11.980000,10.363288,2581700
2002-10-22,12.030000,12.780000,11.820000,12.760000,11.038028,2432700
2002-10-23,12.870000,12.940000,12.300000,12.340000,10.674706,1510900
2002-10-24,12.140000,12.870000,12.090000,12.810000,11.081281,1507300
2002-10-25,13.310000,13.330000,12.790000,12.790000,11.063978,1408500
2002-10-28,13.250000,13.570000,13.020000,13.450000,11.634912,1492400
2002-10-29,13.640000,14.150000,13.350000,13.400000,11.591660,2525100
2002-10-30,13.240000,13.740000,13.210000,13.600000,11.764668,1116400
2002-10-31,13.580000,13.750000,13.060000,13.080000,11.314842,1342300
2002-11-01,13.750000,14.030000,13.450000,13.980000,12.093388,1618600
2002-11-04,13.710000,14.400000,13.580000,14.200000,12.283698,1450900
2002-11-05,14.400000,14.500000,14.050000,14.170000,12.257747,847400
2002-11-06,14.140000,14.770000,14.020000,14.760000,12.768127,1354100
2002-11-07,15.000000,15.400000,14.760000,14.950000,12.932485,2792800
2002-11-08,15.250000,15.400000,14.780000,15.290000,13.226603,1763800
2002-11-11,15.250000,15.250000,14.800000,14.930000,12.915185,1166300
2002-11-12,15.250000,15.780000,14.860000,15.750000,13.624526,1805500
2002-11-13,15.730000,16.129999,14.860000,14.910000,12.897882,3094800
2002-11-14,14.400000,15.050000,14.360000,14.860000,12.854630,1582900
2002-11-15,15.090000,15.340000,14.930000,15.250000,13.192000,1490000
2002-11-18,15.210000,15.580000,15.010000,15.100000,13.062243,1259800
2002-11-19,15.340000,15.400000,14.490000,14.610000,12.638370,1117800
2002-11-20,14.400000,14.640000,13.900000,13.950000,12.067434,1472600
2002-11-21,13.910000,14.250000,13.500000,13.700000,11.851174,1586000
2002-11-22,13.340000,14.300000,13.270000,13.800000,11.937679,1964400
2002-11-25,13.110000,13.750000,13.110000,13.250000,11.461901,1463000
2002-11-26,12.770000,13.430000,12.600000,13.000000,11.245641,1697400
2002-11-27,12.750000,13.090000,12.000000,12.470000,10.787163,2187000
2002-11-29,13.010000,13.020000,12.510000,12.840000,11.107231,647600
2002-12-02,12.600000,13.350000,12.430000,13.130000,11.358096,1249300
2002-12-03,13.410000,14.500000,13.400000,14.420000,12.474010,1926500
2002-12-04,15.190000,15.240000,14.410000,14.580000,12.612419,2165000
2002-12-05,14.650000,15.500000,14.620000,15.020000,12.993040,1602700
2002-12-06,15.400000,15.740000,15.000000,15.600000,13.494767,2242500
2002-12-09,15.800000,15.800000,15.130000,15.360000,13.287156,1714600
2002-12-10,14.960000,14.960000,14.500000,14.710000,12.724874,1281400
2002-12-11,14.700000,15.260000,14.450000,15.150000,13.105494,1827100
2002-12-12,15.270000,17.200001,15.200000,17.010000,14.714485,4171700
2002-12-13,17.000000,17.010000,16.530001,16.809999,14.541478,3118400
2002-12-16,16.980000,17.280001,16.260000,17.200001,14.878846,2155200
2002-12-17,17.360001,17.370001,15.970000,16.000000,13.840787,2358000
2002-12-18,16.260000,17.230000,16.209999,17.230000,14.904798,2568000
2002-12-19,17.360001,17.440001,16.400000,16.400000,14.186807,3035900
2002-12-20,16.059999,16.950001,15.850000,16.799999,14.532823,1313700
2002-12-23,16.910000,17.750000,16.910000,17.370001,15.025906,1373700
2002-12-24,17.420000,17.450001,16.870001,16.870001,14.593381,428200
2002-12-26,16.860001,17.980000,16.809999,17.980000,15.553586,909500
2002-12-27,17.990000,18.450001,17.610001,17.700001,15.311371,1725900
2002-12-30,17.650000,17.650000,16.610001,16.910000,14.627983,1646700
2002-12-31,16.850000,17.200001,16.750000,16.809999,14.541478,1011200
2003-01-02,16.740000,17.450001,16.559999,17.379999,15.034558,1009200
2003-01-03,17.340000,18.459999,17.299999,17.930000,15.510332,1605600
2003-01-06,18.350000,18.469999,17.450001,17.500000,15.138363,1902300
2003-01-07,17.200001,17.500000,16.650000,16.760000,14.498225,1415300
2003-01-08,16.680000,17.900000,16.660000,17.799999,15.397877,2174800
2003-01-09,17.549999,17.590000,16.850000,17.350000,15.008605,1832500
2003-01-10,17.740000,17.830000,17.150000,17.500000,15.138363,1661300
2003-01-13,16.980000,17.570000,16.879999,17.000000,14.705840,1149000
2003-01-14,17.000000,17.200001,16.059999,16.059999,13.892691,2099700
2003-01-15,15.560000,16.219999,15.560000,16.090000,13.918642,1943900
2003-01-16,15.800000,16.690001,15.650000,16.520000,14.290611,2580000
2003-01-17,16.549999,16.650000,15.800000,15.890000,13.745633,1826100
2003-01-21,15.550000,16.340000,15.500000,16.200001,14.013801,1585300
2003-01-22,16.600000,16.860001,16.209999,16.730000,14.472273,2037000
2003-01-23,17.059999,17.730000,16.940001,17.490000,15.129710,2519400
2003-01-24,17.340000,17.730000,17.219999,17.299999,14.965351,3224800
2003-01-27,17.299999,17.600000,16.549999,16.809999,14.541478,3216300
2003-01-28,16.400000,16.600000,15.850000,16.190001,14.005145,3001100
2003-01-29,16.000000,16.080000,15.560000,15.770000,13.641827,2779900
2003-01-30,15.500000,15.900000,15.300000,15.610000,13.503417,2499100
2003-01-31,15.590000,15.780000,15.210000,15.570000,13.468815,1374700
2003-02-03,15.470000,15.700000,15.220000,15.290000,13.226603,1168200
2003-02-04,15.890000,16.400000,15.760000,16.150000,13.970546,2289000
2003-02-05,16.049999,16.299999,15.150000,15.180000,13.131448,2705600
2003-02-06,15.550000,15.600000,15.260000,15.440000,13.356359,1744900
2003-02-07,14.510000,15.330000,14.500000,14.630000,12.655672,2807900
2003-02-10,14.510000,14.640000,13.820000,13.850000,11.980932,2434600
2003-02-11,13.850000,14.780000,13.850000,14.600000,12.629719,2084100
2003-02-12,14.600000,14.600000,13.950000,13.950000,12.067434,2223500
2003-02-13,14.300000,14.940000,14.160000,14.900000,12.889232,1815800
2003-02-14,14.700000,14.880000,14.220000,14.350000,12.413458,1449000
2003-02-18,14.480000,14.620000,14.190000,14.250000,12.326954,1258000
2003-02-19,14.500000,14.950000,14.330000,14.800000,12.802728,1134000
2003-02-20,15.170000,15.400000,14.920000,15.120000,13.079544,1472000
2003-02-21,15.290000,15.300000,14.600000,14.610000,12.638370,1440200
2003-02-24,14.880000,15.070000,14.570000,14.750000,12.759475,1260300
2003-02-25,14.920000,15.000000,14.230000,14.320000,12.387504,1399100
2003-02-26,14.350000,14.550000,13.940000,14.500000,12.671521,1595100
2003-02-27,14.450000,14.500000,13.630000,13.840000,12.094748,1613400
2003-02-28,13.740000,14.250000,13.600000,14.210000,12.418090,1599800
2003-03-03,13.700000,13.790000,13.440000,13.450000,11.753929,1722100
2003-03-04,13.790000,13.870000,13.610000,13.780000,12.042313,1272400
2003-03-05,13.880000,13.940000,13.620000,13.700000,11.972404,541100
2003-03-06,13.600000,13.800000,13.530000,13.750000,12.016098,754700
2003-03-07,13.670000,13.700000,13.110000,13.140000,11.483021,1516100
2003-03-10,13.180000,13.290000,12.270000,12.400000,10.836334,2086300
2003-03-11,12.090000,12.300000,11.860000,11.900000,10.399386,1871500
2003-03-12,11.450000,12.150000,11.380000,12.120000,10.591644,2183100
2003-03-13,11.870000,12.410000,11.510000,12.100000,10.574167,1740200
2003-03-14,12.220000,12.680000,12.150000,12.550000,10.967422,1104500
2003-03-17,12.900000,12.940000,12.150000,12.170000,10.635339,1571000
2003-03-18,12.260000,12.540000,12.100000,12.500000,10.923726,840100
2003-03-19,12.750000,12.750000,12.070000,12.270000,10.722731,954100
2003-03-20,12.220000,12.460000,12.010000,12.050000,10.530472,1139100
2003-03-21,11.850000,11.980000,11.450000,11.490000,10.041087,1843700
2003-03-24,11.900000,12.060000,11.550000,11.760000,10.277040,1394900
2003-03-25,12.000000,12.050000,11.400000,11.500000,10.049827,1567900
2003-03-26,11.700000,11.800000,11.350000,11.570000,10.111000,1405900
2003-03-27,11.510000,11.650000,11.210000,11.320000,9.892526,1213600
2003-03-28,11.270000,12.270000,11.080000,12.160000,10.626600,2211700
2003-03-31,12.390000,12.640000,12.230000,12.230000,10.687772,1737500
2003-04-01,12.240000,12.240000,11.900000,12.010000,10.495517,904000
2003-04-02,11.470000,11.830000,11.460000,11.710000,10.233344,1264000
2003-04-03,11.490000,11.630000,11.350000,11.490000,10.041087,1215600
2003-04-04,11.480000,11.850000,11.360000,11.750000,10.268303,771700
2003-04-07,11.160000,11.650000,11.150000,11.540000,10.084785,1454500
2003-04-08,11.700000,11.900000,11.450000,11.730000,10.250825,868600
2003-04-09,11.760000,12.420000,11.570000,12.350000,10.792638,1860500
2003-04-10,12.340000,12.440000,12.070000,12.090000,10.565429,1220500
2003-04-11,11.700000,12.060000,11.640000,11.820000,10.329473,1152400
2003-04-14,11.720000,11.840000,11.690000,11.740000,10.259563,641500
2003-04-15,11.780000,11.970000,11.640000,11.910000,10.408127,634600
2003-04-16,11.790000,12.130000,11.700000,12.000000,10.486775,1355900
2003-04-17,12.100000,12.270000,11.860000,11.980000,10.469296,1170500
2003-04-21,12.240000,12.490000,12.020000,12.370000,10.810118,1128800
2003-04-22,12.590000,12.640000,12.250000,12.500000,10.923726,1503500
2003-04-23,12.500000,12.690000,12.450000,12.510000,10.932466,1809800
2003-04-24,12.600000,12.610000,11.800000,11.800000,10.311997,1527600
2003-04-25,11.710000,11.750000,11.330000,11.330000,9.901263,1612200
2003-04-28,11.290000,11.430000,11.030000,11.290000,9.866308,1631400
2003-04-29,10.710000,10.780000,10.140000,10.260000,8.966194,3958800
2003-04-30,10.650000,10.700000,10.340000,10.500000,9.175930,2168100
2003-05-01,10.400000,11.030000,10.400000,10.960000,9.577921,2121700
2003-05-02,10.960000,11.390000,10.680000,11.280000,9.857570,2751600
2003-05-05,11.200000,11.590000,11.150000,11.490000,10.041087,1310100
2003-05-06,11.560000,11.560000,11.110000,11.410000,9.971175,1287600
2003-05-07,11.510000,11.550000,11.150000,11.250000,9.831354,1530300
2003-05-08,11.510000,11.750000,11.260000,11.700000,10.224606,1393600
2003-05-09,11.600000,11.820000,11.590000,11.760000,10.277040,1130200
2003-05-12,12.030000,12.200000,12.010000,12.190000,10.652817,1487000
2003-05-13,12.310000,12.390000,11.950000,12.040000,10.521731,1863500
2003-05-14,12.110000,12.490000,12.060000,12.490000,10.914988,1297900
2003-05-15,12.790000,13.130000,12.770000,12.950000,11.316979,2315000
2003-05-16,13.210000,13.300000,12.750000,12.750000,11.142199,1363900
2003-05-19,13.490000,13.600000,13.260000,13.560000,11.850058,2246200
2003-05-20,13.650000,13.670000,13.130000,13.360000,11.675277,1619100
2003-05-21,13.220000,13.580000,13.150000,13.300000,11.622845,1438200
2003-05-22,13.540000,13.540000,12.760000,12.820000,11.203372,1478700
2003-05-23,12.920000,13.050000,12.870000,12.930000,11.299501,819500
2003-05-27,13.410000,13.480000,13.040000,13.190000,11.526714,1405800
2003-05-28,13.000000,13.150000,12.600000,12.800000,11.185896,2127500
2003-05-29,12.800000,13.350000,12.620000,13.130000,11.474281,1424100
2003-05-30,12.960000,13.160000,12.830000,13.100000,11.448064,1259800
2003-06-02,12.850000,13.140000,12.830000,13.020000,11.378153,1323800
2003-06-03,13.010000,13.270000,12.930000,12.980000,11.343196,923700
2003-06-04,12.920000,13.240000,12.920000,13.120000,11.465541,1029400
2003-06-05,13.320000,13.640000,13.230000,13.640000,11.919970,1470800
2003-06-06,13.280000,13.490000,13.150000,13.250000,11.579147,1042300
2003-06-09,13.300000,13.400000,13.050000,13.140000,11.483021,599800
2003-06-10,12.850000,12.950000,12.770000,12.950000,11.316979,1131200
2003-06-11,12.990000,13.100000,12.930000,13.060000,11.413109,737300
2003-06-12,12.940000,13.350000,12.870000,13.300000,11.622845,940100
2003-06-13,13.350000,14.080000,13.310000,13.940000,12.182138,1659200
2003-06-16,13.940000,14.170000,13.910000,14.050000,12.278270,1253800
2003-06-17,14.140000,14.710000,13.950000,14.620000,12.776390,1629200
2003-06-18,14.390000,14.670000,14.280000,14.500000,12.671521,1118600
2003-06-19,14.500000,14.900000,14.350000,14.700000,12.846301,974600
2003-06-20,14.600000,14.670000,14.330000,14.440000,12.619088,899800
2003-06-23,14.420000,14.420000,13.900000,13.940000,12.182138,1124600
2003-06-24,13.850000,13.910000,13.570000,13.640000,11.919970,1076100
2003-06-25,13.750000,14.070000,13.670000,13.930000,12.173399,1369700
2003-06-26,13.610000,13.800000,13.430000,13.500000,11.797623,1420200
2003-06-27,13.240000,13.330000,13.140000,13.240000,11.570410,1673400
2003-06-30,12.950000,13.550000,12.940000,13.470000,11.771406,1484700
2003-07-01,13.700000,14.150000,13.600000,14.150000,12.365659,1352500
2003-07-02,14.070000,14.150000,13.800000,13.900000,12.147182,1094900
2003-07-03,13.870000,14.040000,13.560000,13.570000,11.858796,979200
2003-07-07,12.850000,13.140000,12.820000,13.080000,11.430585,2471000
2003-07-08,12.650000,13.100000,12.650000,12.850000,11.229590,1267200
2003-07-09,12.950000,13.040000,12.670000,12.710000,11.107245,944000
2003-07-10,12.620000,12.820000,12.550000,12.660000,11.063551,1237900
2003-07-11,12.550000,12.710000,11.690000,12.670000,11.072289,876900
2003-07-14,12.780000,12.850000,12.520000,12.560000,10.976160,577900
2003-07-15,12.590000,12.630000,11.520000,11.620000,10.154695,3176800
2003-07-16,11.000000,11.290000,10.900000,11.250000,9.831354,3896500
2003-07-17,11.150000,11.400000,11.100000,11.200000,9.787659,2195600
2003-07-18,11.080000,11.410000,10.970000,11.280000,9.857570,2366700
2003-07-21,11.150000,11.980000,11.150000,11.730000,10.250825,2976500
2003-07-22,11.600000,11.700000,11.310000,11.350000,9.918744,2210900
2003-07-23,11.550000,12.160000,11.550000,12.040000,10.521731,2365900
2003-07-24,11.880000,12.460000,11.810000,12.460000,10.888771,2131800
2003-07-25,12.650000,12.690000,12.320000,12.650000,11.054811,1637300
2003-07-28,12.850000,12.950000,12.470000,12.700000,11.098502,1235800
2003-07-29,12.410000,12.660000,12.260000,12.360000,10.801379,864100
2003-07-30,12.480000,12.580000,12.300000,12.580000,10.993636,724700
2003-07-31,12.590000,12.650000,12.350000,12.510000,10.932466,695300
2003-08-01,12.290000,12.590000,12.150000,12.310000,10.757685,1497300
2003-08-04,11.940000,12.600000,11.940000,12.300000,10.748945,740900
2003-08-05,12.290000,12.520000,12.200000,12.520000,10.941202,796500
2003-08-06,12.550000,12.750000,12.470000,12.580000,10.993636,1778900
2003-08-07,12.540000,12.640000,12.250000,12.430000,10.862553,1048700
2003-08-08,12.350000,13.030000,12.230000,12.970000,11.334458,2932600
2003-08-11,13.220000,13.390000,12.800000,13.250000,11.579147,2387300
2003-08-12,13.150000,13.190000,12.900000,12.920000,11.290763,1093900
2003-08-13,12.900000,13.750000,12.890000,13.520000,11.815101,1627600
2003-08-14,13.850000,14.150000,13.540000,13.780000,12.042313,1977400
2003-08-15,13.880000,14.000000,13.700000,13.700000,11.972404,732400
2003-08-18,13.740000,13.750000,13.390000,13.390000,11.701496,1387200
2003-08-19,13.340000,13.940000,13.300000,13.920000,12.164661,1731000
2003-08-20,13.950000,14.090000,13.750000,13.900000,12.147182,2047300
2003-08-21,13.820000,13.840000,13.340000,13.380000,11.692759,1992700
2003-08-22,13.450000,13.720000,13.250000,13.310000,11.631582,1008600
2003-08-25,13.440000,13.500000,13.350000,13.470000,11.771406,1020200
2003-08-26,13.330000,13.720000,13.250000,13.570000,11.858796,986500
2003-08-27,14.080000,14.400000,14.010000,14.400000,12.584132,2365400
2003-08-28,14.310000,14.420000,14.220000,14.220000,12.426830,808200
2003-08-29,14.590000,14.690000,14.200000,14.300000,12.496743,1571800
2003-09-02,14.600000,14.630000,14.270000,14.380000,12.566655,1939800
2003-09-03,14.120000,14.390000,13.890000,14.350000,12.718208,1247200
2003-09-04,14.200000,14.790000,14.200000,14.580000,12.922054,1627400
2003-09-05,14.950000,15.440000,14.900000,15.260000,13.524731,2504000
2003-09-08,15.270000,15.290000,14.880000,15.200000,13.471552,1594900
2003-09-09,15.780000,15.890000,15.270000,15.330000,13.586769,2164600
2003-09-10,15.500000,15.510000,15.130000,15.190000,13.462687,1928800
2003-09-11,15.220000,15.320000,14.790000,15.320000,13.577906,1367300
2003-09-12,15.320000,15.540000,14.870000,14.990000,13.285432,1922900
2003-09-15,15.090000,15.250000,14.850000,14.910000,13.214529,1064000
2003-09-16,14.950000,15.040000,14.500000,14.870000,13.179078,899700
2003-09-17,14.950000,15.290000,14.880000,15.250000,13.515866,1083200
2003-09-18,15.400000,15.450000,14.900000,14.910000,13.214529,1606300
2003-09-19,14.940000,15.550000,14.930000,15.420000,13.666534,2300000
2003-09-22,15.940000,15.950000,15.670000,15.700000,13.914693,1887000
2003-09-23,15.460000,15.540000,15.260000,15.470000,13.710850,1514000
2003-09-24,15.520000,15.600000,15.110000,15.500000,13.737438,1026600
2003-09-25,15.650000,15.790000,14.900000,15.180000,13.453828,2609900
2003-09-26,14.700000,14.970000,14.300000,14.320000,12.691621,2481000
2003-09-29,14.220000,14.620000,14.160000,14.250000,12.629580,1588500
2003-09-30,14.500000,14.820000,14.210000,14.490000,12.842289,1910300
2003-10-01,14.470000,14.470000,13.850000,14.120000,12.514363,2130700
2003-10-02,14.040000,14.440000,13.940000,14.390000,12.753661,941300
2003-10-03,14.240000,14.440000,13.260000,13.600000,12.053494,2965500
2003-10-06,13.600000,13.960000,13.510000,13.760000,12.195299,1147100
2003-10-07,14.000000,14.090000,13.690000,13.740000,12.177574,1316600
2003-10-08,13.740000,14.000000,13.630000,13.630000,12.080083,1390900
2003-10-09,13.430000,13.730000,13.100000,13.710000,12.150985,1678400
2003-10-10,13.940000,13.940000,13.400000,13.550000,12.009181,741300
2003-10-13,13.620000,14.080000,13.450000,14.030000,12.434596,1269200
2003-10-14,13.990000,14.170000,13.920000,14.030000,12.434596,971300
2003-10-15,13.840000,14.130000,13.580000,14.120000,12.514363,918000
2003-10-16,14.240000,14.800000,14.200000,14.800000,13.117038,1497100
2003-10-17,14.600000,14.890000,14.380000,14.470000,12.824563,1324200
2003-10-20,14.500000,14.740000,14.350000,14.360000,12.727070,1257000
2003-10-21,14.700000,15.190000,14.650000,15.140000,13.418375,1642200
2003-10-22,15.400000,15.630000,15.190000,15.280000,13.542456,1684300
2003-10-23,15.000000,15.100000,14.750000,15.000000,13.294296,981700
2003-10-24,15.250000,15.500000,15.100000,15.240000,13.507003,1406300
2003-10-27,14.990000,15.420000,14.990000,15.420000,13.666534,855300
2003-10-28,15.310000,15.340000,14.980000,15.230000,13.498142,821100
2003-10-29,15.420000,15.780000,15.310000,15.700000,13.914693,1280300
2003-10-30,15.600000,15.790000,15.330000,15.440000,13.684260,1462600
2003-10-31,15.360000,15.540000,15.000000,15.120000,13.400648,1480900
2003-11-03,14.960000,15.050000,14.410000,14.550000,12.895468,1752400
2003-11-04,14.550000,14.550000,14.150000,14.300000,12.673897,2487500
2003-11-05,14.420000,14.590000,14.300000,14.330000,12.700483,1021500
2003-11-06,14.100000,14.320000,13.600000,13.600000,12.053494,3050600
2003-11-07,13.290000,14.340000,13.270000,14.140000,12.532088,2258100
2003-11-10,14.170000,14.500000,13.960000,13.960000,12.372557,1132500
2003-11-11,14.150000,14.340000,13.980000,14.090000,12.487776,889400
2003-11-12,14.220000,15.000000,14.160000,15.000000,13.294296,2328200
2003-11-13,14.900000,15.250000,14.810000,14.910000,13.214529,1876800
2003-11-14,14.950000,15.380000,14.900000,15.380000,13.631083,963700
2003-11-17,15.350000,15.350000,14.580000,14.860000,13.170214,1522000
2003-11-18,15.030000,15.730000,15.000000,15.630000,13.852655,2028200
2003-11-19,15.680000,15.690000,15.170000,15.690000,13.905834,1413100
2003-11-20,15.800000,15.810000,15.300000,15.520000,13.755164,1779900
2003-11-21,15.450000,15.540000,15.100000,15.230000,13.498142,1656800
2003-11-24,15.060000,15.060000,14.620000,14.770000,13.090449,1164700
2003-11-25,14.770000,15.130000,14.750000,15.030000,13.320885,1007100
2003-11-26,15.180000,15.700000,15.110000,15.400000,13.648811,1952500
2003-11-28,15.690000,15.840000,15.530000,15.830000,14.029914,697700
2003-12-01,16.010000,16.240000,15.450000,16.200001,14.357841,2191700
2003-12-02,15.890000,16.090000,15.750000,15.780000,13.985599,1947800
2003-12-03,15.870000,15.940000,15.450000,15.850000,14.047639,1302000
2003-12-04,15.510000,15.600000,15.010000,15.010000,13.303158,1708500
2003-12-05,14.930000,15.650000,14.900000,15.630000,13.852655,1145000
2003-12-08,15.800000,15.830000,15.310000,15.570000,13.799477,1111900
2003-12-09,15.610000,15.640000,15.050000,15.050000,13.338609,1619100
2003-12-10,15.200000,15.380000,14.630000,14.660000,12.992958,1940700
2003-12-11,14.690000,15.790000,14.430000,15.750000,13.959010,2770900
2003-12-12,15.840000,16.100000,15.730000,15.820000,14.021050,2059700
2003-12-15,15.550000,16.540001,15.520000,16.500000,14.623725,2114000
2003-12-16,16.500000,16.750000,16.010000,16.150000,14.313524,2744900
2003-12-17,16.150000,16.350000,15.760000,16.150000,14.313524,1402100
2003-12-18,15.600000,15.850000,15.360000,15.650000,13.870380,2164800
2003-12-19,15.430000,15.780000,15.060000,15.420000,13.666534,1723800
2003-12-22,15.480000,15.900000,15.340000,15.660000,13.879244,1950400
2003-12-23,15.500000,15.940000,15.470000,15.890000,14.083091,832000
2003-12-24,15.890000,16.020000,15.670000,15.670000,13.888107,570700
2003-12-26,15.790000,16.350000,15.790000,16.250000,14.402154,539200
2003-12-29,16.299999,16.549999,16.120001,16.450001,14.579412,1850100
2003-12-30,16.580000,16.590000,16.320000,16.450001,14.579412,1129000
2003-12-31,16.450001,16.559999,15.940000,16.230000,14.384429,773800
2004-01-02,16.240000,16.660000,15.470000,16.559999,14.676903,789500
2004-01-05,16.940001,17.139999,16.730000,17.030001,15.093457,1413000
2004-01-06,17.070000,17.100000,16.530001,16.879999,14.960513,1240500
2004-01-07,16.879999,17.120001,16.580000,16.629999,14.738942,1300300
2004-01-08,16.600000,17.190001,16.219999,16.770000,14.863023,1286600
2004-01-09,16.850000,17.549999,16.850000,17.299999,15.332753,1590900
2004-01-12,17.309999,17.690001,17.270000,17.450001,15.465695,1804400
2004-01-13,17.400000,17.799999,17.020000,17.129999,15.182084,2051600
2004-01-14,16.400000,16.900000,16.000000,16.010000,14.189445,2566800
2004-01-15,15.390000,15.810000,15.320000,15.470000,13.710850,2472400
2004-01-16,15.630000,16.020000,15.430000,15.850000,14.047639,2064600
2004-01-20,16.500000,16.629999,16.320000,16.400000,14.535096,1415600
2004-01-21,16.290001,16.940001,16.150000,16.780001,14.871886,1380600
2004-01-22,16.790001,17.309999,16.570000,16.629999,14.738942,1553600
2004-01-23,16.629999,16.780001,16.150000,16.280001,14.428744,951600
2004-01-26,16.330000,16.450001,15.800000,16.150000,14.313524,1132500
2004-01-27,16.280001,16.760000,16.260000,16.360001,14.499643,1539800
2004-01-28,16.389999,16.580000,15.470000,15.600000,13.826067,1793300
2004-01-29,15.600000,15.780000,14.710000,15.120000,13.400648,2047200
2004-01-30,15.400000,15.490000,15.150000,15.270000,13.533592,918800
2004-02-02,15.020000,15.500000,14.740000,15.450000,13.693124,1422600
2004-02-03,15.750000,15.880000,15.500000,15.700000,13.914693,1302400
2004-02-04,15.900000,15.950000,15.380000,15.390000,13.639948,1085700
2004-02-05,15.320000,15.770000,15.250000,15.350000,13.604495,876600
2004-02-06,15.430000,16.420000,15.430000,16.400000,14.535096,1298500
2004-02-09,16.389999,16.600000,16.030001,16.600000,14.712356,996900
2004-02-10,16.600000,16.719999,16.209999,16.309999,14.455327,940700
2004-02-11,16.250000,17.200001,16.250000,16.920000,14.995963,1565600
2004-02-12,16.799999,16.910000,16.549999,16.620001,14.730080,1078800
2004-02-13,16.860001,17.000000,16.450001,16.610001,14.721217,975000
2004-02-17,16.889999,17.150000,16.799999,17.150000,15.199810,967900
2004-02-18,17.110001,17.180000,16.360001,16.469999,14.597136,1699600
2004-02-19,16.469999,16.490000,16.000000,16.190001,14.348976,1226800
2004-02-20,16.110001,16.110001,15.260000,15.540000,13.772890,1696100
2004-02-23,15.850000,15.890000,15.250000,15.250000,13.515866,1468900
2004-02-24,15.700000,15.700000,15.360000,15.580000,13.808339,1498200
2004-02-25,15.520000,15.540000,14.950000,15.330000,13.586769,1269700
2004-02-26,14.820000,15.250000,14.500000,15.030000,13.320885,2237600
2004-02-27,15.150000,15.340000,14.950000,15.050000,13.338609,994100
2004-03-01,15.500000,15.620000,15.280000,15.280000,13.542456,1253100
2004-03-02,15.310000,15.480000,14.970000,15.000000,13.294296,1220700
2004-03-03,14.940000,15.440000,14.830000,15.320000,13.628788,1095800
2004-03-04,15.160000,15.630000,15.160000,15.570000,13.851190,748800
2004-03-05,15.690000,16.049999,15.650000,16.049999,14.278199,1029400
2004-03-08,15.730000,15.950000,15.570000,15.570000,13.851190,826900
2004-03-09,15.480000,15.670000,15.200000,15.450000,13.744435,1220100
2004-03-10,15.260000,15.430000,14.970000,15.020000,13.361906,890800
2004-03-11,15.000000,15.300000,14.750000,15.260000,13.575410,964100
2004-03-12,14.700000,14.980000,14.350000,14.870000,13.228463,1381700
2004-03-15,14.770000,14.860000,14.300000,14.440000,12.845932,955600
2004-03-16,14.450000,14.700000,14.330000,14.440000,12.845932,919300
2004-03-17,14.480000,15.000000,13.900000,14.950000,13.299632,1397300
2004-03-18,15.400000,15.590000,15.200000,15.320000,13.628788,1530300
2004-03-19,15.290000,15.400000,15.020000,15.350000,13.655477,1393000
2004-03-22,15.750000,15.750000,15.050000,15.300000,13.610996,1053200
2004-03-23,15.340000,15.550000,15.160000,15.550000,13.833399,903900
2004-03-24,15.130000,15.570000,15.040000,15.050000,13.388595,744100
2004-03-25,15.110000,15.560000,15.000000,15.550000,13.833399,835300
2004-03-26,15.950000,15.950000,15.410000,15.450000,13.744435,631800
2004-03-29,15.500000,15.710000,15.230000,15.700000,13.966838,648000
2004-03-30,15.600000,15.860000,15.450000,15.600000,13.877877,716700
2004-03-31,15.450000,15.740000,15.150000,15.430000,13.726646,1929200
2004-04-01,15.500000,15.620000,15.320000,15.500000,13.788918,1548600
2004-04-02,14.800000,15.010000,14.750000,14.960000,13.308528,1566300
2004-04-05,14.780000,14.810000,14.560000,14.680000,13.059437,1035000
2004-04-06,14.730000,14.780000,14.400000,14.540000,12.934894,1405900
2004-04-07,14.320000,14.550000,14.240000,14.390000,12.801453,1227000
2004-04-08,14.000000,14.090000,13.860000,14.000000,12.454505,1511900
2004-04-12,13.980000,14.190000,13.850000,14.030000,12.481194,912700
2004-04-13,13.680000,13.680000,12.910000,13.010000,11.573796,1846500
2004-04-14,12.200000,13.000000,12.160000,12.730000,11.324703,1521800
2004-04-15,12.790000,13.100000,12.640000,13.000000,11.564898,2039800
2004-04-16,13.070000,13.340000,13.000000,13.020000,11.582690,1324600
2004-04-19,13.110000,13.330000,13.000000,13.330000,11.858468,1724200
2004-04-20,13.150000,13.200000,12.260000,12.320000,10.959965,2015000
2004-04-21,12.220000,12.390000,12.000000,12.160000,10.817626,3487200
2004-04-22,12.160000,12.200000,11.910000,12.100000,10.764250,1895700
2004-04-23,12.030000,12.130000,11.850000,11.970000,10.648601,746200
2004-04-26,12.070000,12.290000,12.050000,12.090000,10.755355,1233900
2004-04-27,12.220000,12.280000,12.060000,12.160000,10.817626,944000
2004-04-28,11.680000,11.690000,10.890000,10.990000,9.776786,2230900
2004-04-29,11.040000,11.550000,11.040000,11.500000,10.230487,2374300
2004-04-30,11.550000,11.570000,11.020000,11.040000,9.821267,1710100
2004-05-03,11.140000,11.330000,10.980000,11.280000,10.034773,772800
2004-05-04,11.570000,11.940000,11.570000,11.920000,10.604122,1224200
2004-05-05,11.920000,11.920000,11.510000,11.570000,10.292758,977300
2004-05-06,11.330000,11.330000,10.760000,10.800000,9.607763,1700400
2004-05-07,10.800000,10.890000,10.160000,10.330000,9.189646,1850500
2004-05-10,10.170000,11.020000,10.030000,10.600000,9.429838,2001300
2004-05-11,10.500000,10.760000,10.370000,10.730000,9.545487,1328500
2004-05-12,11.000000,11.140000,10.400000,10.440000,9.287502,1398900
2004-05-13,10.360000,10.640000,10.310000,10.450000,9.296400,867000
2004-05-14,10.530000,10.750000,10.470000,10.580000,9.412046,950000
2004-05-17,10.800000,10.830000,10.500000,10.530000,9.367567,1226000
2004-05-18,10.230000,10.650000,10.050000,10.650000,9.474320,965600
2004-05-19,10.800000,11.170000,10.750000,11.000000,9.785685,2298600
2004-05-20,10.960000,11.010000,10.650000,10.840000,9.643345,1727000
2004-05-21,11.290000,11.400000,11.150000,11.250000,10.008084,1158300
2004-05-24,11.290000,11.550000,11.160000,11.550000,10.274969,1040900
2004-05-25,11.920000,11.920000,11.440000,11.440000,10.177110,1101000
2004-05-26,11.730000,11.780000,11.400000,11.720000,10.426201,724600
2004-05-27,12.000000,12.090000,11.700000,11.840000,10.532954,1500900
2004-05-28,12.040000,12.040000,11.810000,11.980000,10.657497,722900
2004-06-01,12.050000,12.130000,11.520000,11.540000,10.266072,812800
2004-06-02,11.680000,11.720000,11.100000,11.440000,10.177110,706700
2004-06-03,11.370000,11.400000,11.040000,11.100000,9.874644,593800
2004-06-04,10.950000,11.240000,10.880000,11.160000,9.928020,1411100
2004-06-07,11.200000,11.540000,11.190000,11.370000,10.114837,975100
2004-06-08,11.200000,11.200000,10.960000,11.000000,9.785685,679100
2004-06-09,10.810000,10.820000,10.230000,10.230000,9.100683,1547100
2004-06-10,10.300000,10.500000,10.220000,10.220000,9.091790,1073300
2004-06-14,10.000000,10.050000,9.250000,9.260000,8.237765,2888700
2004-06-15,9.400000,9.790000,9.400000,9.520000,8.469066,3571900
2004-06-16,9.550000,9.810000,9.280000,9.690000,8.620297,1660000
2004-06-17,9.860000,10.020000,9.640000,9.900000,8.807114,3223900
2004-06-18,10.060000,10.500000,10.050000,10.360000,9.216334,2427900
2004-06-21,10.380000,10.660000,10.290000,10.300000,9.162957,1565100
2004-06-22,10.420000,10.640000,10.350000,10.640000,9.465424,703200
2004-06-23,10.530000,10.670000,10.450000,10.670000,9.492111,971000
2004-06-24,10.810000,11.000000,10.710000,10.770000,9.581072,1849000
2004-06-25,10.680000,10.890000,10.680000,10.870000,9.670033,426700
2004-06-28,10.940000,11.090000,10.420000,10.630000,9.456528,1267600
2004-06-29,10.550000,10.550000,10.220000,10.240000,9.109579,1159400
2004-06-30,10.520000,10.720000,10.310000,10.590000,9.420945,1148600
2004-07-01,10.620000,10.670000,10.380000,10.410000,9.260816,675700
2004-07-02,10.630000,10.800000,10.500000,10.750000,9.563283,593600
2004-07-06,10.680000,10.780000,10.450000,10.700000,9.518802,983800
2004-07-07,10.820000,11.310000,10.780000,11.130000,9.901331,1369100
2004-07-08,11.130000,11.290000,10.950000,11.190000,9.954708,1733600
2004-07-09,11.190000,11.190000,10.850000,11.050000,9.830163,1685500
2004-07-12,11.070000,11.130000,10.980000,11.020000,9.803475,1293000
2004-07-13,10.880000,11.060000,10.840000,10.970000,9.758995,844200
2004-07-14,11.020000,11.170000,10.840000,10.870000,9.670033,978900
2004-07-15,10.800000,10.840000,10.450000,10.500000,9.340881,1323800
2004-07-16,10.430000,10.620000,10.100000,10.140000,9.020619,1703000
2004-07-19,10.060000,10.150000,9.750000,9.850000,8.762636,2270700
2004-07-20,9.830000,10.030000,9.750000,9.960000,8.860490,1857100
2004-07-21,10.180000,10.750000,10.060000,10.100000,8.985038,2609200
2004-07-22,10.400000,10.480000,10.190000,10.310000,9.171855,986200
2004-07-23,10.250000,10.300000,10.100000,10.200000,9.073997,872700
2004-07-26,10.280000,10.350000,10.000000,10.020000,8.913867,614400
2004-07-27,10.040000,10.300000,9.920000,10.300000,9.162957,887000
2004-07-28,10.430000,10.590000,10.370000,10.530000,9.367567,1219300
2004-07-29,10.570000,10.860000,10.570000,10.850000,9.652242,979300
2004-07-30,11.030000,11.180000,10.920000,10.960000,9.750099,1048200
2004-08-02,10.990000,11.020000,10.730000,10.880000,9.678929,601000
2004-08-03,10.990000,11.270000,10.990000,10.990000,9.776786,839500
2004-08-04,10.960000,11.150000,10.830000,10.950000,9.741203,825600
2004-08-05,10.880000,10.900000,10.470000,10.590000,9.420945,1007200
2004-08-06,10.900000,10.940000,10.760000,10.850000,9.652242,531600
2004-08-09,10.500000,10.880000,10.500000,10.750000,9.563283,470800
2004-08-10,10.690000,10.920000,10.610000,10.870000,9.670033,698400
2004-08-11,10.700000,10.740000,10.410000,10.530000,9.367567,1303600
2004-08-12,10.600000,11.600000,10.570000,11.600000,10.319448,2811700
2004-08-13,11.520000,12.220000,11.500000,12.100000,10.764250,1585600
2004-08-16,12.120000,12.380000,12.110000,12.370000,11.004445,1405500
2004-08-17,12.050000,12.260000,11.850000,12.120000,10.782043,1341200
2004-08-18,12.040000,12.250000,11.950000,12.180000,10.835419,728400
2004-08-19,12.300000,12.680000,12.300000,12.590000,11.200156,1052300
2004-08-20,12.630000,13.050000,12.500000,12.930000,11.502625,2071200
2004-08-23,12.890000,12.890000,12.320000,12.480000,11.102302,882000
2004-08-24,12.120000,12.250000,11.950000,12.000000,10.675291,1140500
2004-08-25,12.030000,12.450000,12.030000,12.400000,11.031132,710000
2004-08-26,12.340000,12.580000,12.230000,12.260000,10.906588,602400
2004-08-27,12.410000,12.500000,12.120000,12.490000,11.111198,597900
2004-08-30,12.560000,12.600000,12.160000,12.170000,10.826524,820200
2004-08-31,12.250000,12.480000,12.250000,12.480000,11.102302,998200
2004-09-01,12.480000,12.540000,12.200000,12.540000,11.196950,720700
2004-09-02,12.390000,12.390000,12.130000,12.220000,10.911222,449000
2004-09-03,11.970000,11.970000,11.650000,11.770000,10.509419,1116600
2004-09-07,11.400000,11.400000,11.240000,11.380000,10.161185,1110900
2004-09-08,11.310000,11.820000,11.280000,11.520000,10.286193,810300
2004-09-09,11.650000,11.980000,11.590000,11.910000,10.634423,1058200
2004-09-10,12.200000,12.520000,12.110000,12.280000,10.964795,1847800
2004-09-13,12.290000,12.540000,12.250000,12.400000,11.071942,898700
2004-09-14,12.500000,12.900000,11.600000,12.880000,11.500537,925600
2004-09-15,12.760000,12.760000,12.440000,12.510000,11.170161,1255900
2004-09-16,12.570000,12.700000,12.350000,12.430000,11.098732,767900
2004-09-17,12.610000,12.700000,12.500000,12.600000,11.250524,1076100
2004-09-20,12.700000,12.730000,12.300000,12.720000,11.357670,828200
2004-09-21,12.980000,13.370000,12.980000,13.330000,11.902341,1589300
2004-09-22,13.200000,13.580000,13.190000,13.400000,11.964843,1075000
2004-09-23,13.560000,13.600000,13.130000,13.130000,11.723760,1148700
2004-09-24,13.100000,13.100000,12.790000,12.940000,11.554107,1040200
2004-09-27,12.900000,12.900000,12.530000,12.760000,11.393387,875100
2004-09-28,13.050000,13.300000,13.000000,13.090000,11.688044,1851000
2004-09-29,13.190000,13.360000,13.100000,13.360000,11.929127,915900
2004-09-30,13.460000,13.740000,13.460000,13.620000,12.161279,1211200
2004-10-01,13.670000,13.670000,13.230000,13.430000,11.991629,1562900
2004-10-04,13.010000,13.180000,12.930000,12.980000,11.589826,1355300
2004-10-05,13.150000,13.710000,13.100000,13.560000,12.107707,1147800
2004-10-06,13.480000,13.830000,13.410000,13.820000,12.339860,1350000
2004-10-07,13.720000,13.890000,13.680000,13.680000,12.214854,1487400
2004-10-08,14.210000,14.290000,14.080000,14.110000,12.598802,1622100
2004-10-11,13.920000,13.920000,13.610000,13.760000,12.286286,1514700
2004-10-12,13.400000,13.530000,13.310000,13.360000,11.929127,901400
2004-10-13,12.960000,13.290000,12.770000,13.010000,11.616611,2039300
2004-10-14,13.250000,13.250000,12.800000,12.930000,11.545181,2475500
2004-10-15,13.030000,13.130000,12.560000,12.560000,11.214807,3820400
2004-10-18,12.340000,12.410000,11.250000,11.500000,10.268333,10092700
2004-10-19,11.940000,11.940000,11.410000,11.530000,10.295120,3502100
2004-10-20,11.700000,11.740000,11.400000,11.660000,10.411198,4760300
2004-10-21,11.830000,12.200000,11.700000,11.990000,10.705856,6570800
2004-10-22,12.170000,12.350000,12.160000,12.250000,10.938009,3721900
2004-10-25,12.530000,12.530000,12.210000,12.350000,11.027299,1736700
2004-10-26,12.170000,12.560000,12.150000,12.550000,11.205878,2492100
2004-10-27,12.600000,12.600000,12.020000,12.060000,10.768358,3141600
2004-10-28,11.810000,12.200000,11.760000,11.820000,10.554062,2033700
2004-10-29,11.800000,11.890000,11.660000,11.800000,10.536204,1154100
2004-11-01,11.750000,12.030000,11.670000,12.000000,10.714784,3495700
2004-11-02,11.800000,11.850000,11.570000,11.570000,10.330837,3645600
2004-11-03,11.820000,11.820000,11.450000,11.500000,10.268333,1935300
2004-11-04,11.560000,11.590000,11.360000,11.530000,10.295120,4168300
2004-11-05,11.380000,11.570000,11.370000,11.560000,10.321910,2378900
2004-11-08,11.300000,11.350000,11.190000,11.270000,10.062969,2777700
2004-11-09,11.290000,11.370000,11.150000,11.260000,10.054039,3904600
2004-11-10,11.250000,11.660000,11.190000,11.610000,10.366554,3614700
2004-11-11,11.460000,11.700000,11.140000,11.140000,9.946893,4818400
2004-11-12,10.900000,11.180000,10.530000,11.050000,9.866529,5786100
2004-11-15,11.120000,11.120000,10.870000,10.980000,9.804028,2276400
2004-11-16,10.990000,11.410000,10.880000,11.300000,10.089757,2714400
2004-11-17,11.650000,11.850000,11.440000,11.470000,10.241549,5021600
2004-11-18,11.510000,11.650000,11.310000,11.370000,10.152258,2110300
2004-11-19,11.400000,11.600000,11.380000,11.480000,10.250475,2540700
2004-11-22,11.520000,11.520000,11.100000,11.200000,10.000465,1530300
2004-11-23,11.310000,11.320000,10.680000,10.730000,9.580801,5653300
2004-11-24,10.730000,10.730000,10.520000,10.560000,9.429009,3680100
2004-11-26,10.640000,11.070000,10.600000,10.670000,9.527227,1307300
2004-11-29,10.670000,10.820000,10.530000,10.610000,9.473655,1551800
2004-11-30,10.520000,10.620000,10.300000,10.480000,9.357575,1964800
2004-12-01,10.610000,10.730000,10.420000,10.440000,9.321863,3026000
2004-12-02,10.630000,10.650000,10.360000,10.400000,9.286147,4150800
2004-12-03,10.390000,10.550000,10.270000,10.350000,9.241502,2352200
2004-12-06,10.220000,10.570000,10.210000,10.260000,9.161140,5206400
2004-12-07,10.050000,10.090000,9.660000,9.670000,8.634333,6557500
2004-12-08,9.300000,9.720000,9.300000,9.510000,8.491466,3639300
2004-12-09,9.410000,9.690000,9.360000,9.550000,8.527183,1768900
2004-12-10,9.410000,9.670000,9.390000,9.410000,8.402178,1217700
2004-12-13,9.600000,9.700000,9.420000,9.450000,8.437892,1618300
2004-12-14,9.440000,9.490000,9.210000,9.320000,8.321816,1257600
2004-12-15,9.560000,9.600000,9.300000,9.350000,8.348601,1412300
2004-12-16,9.280000,9.470000,9.050000,9.110000,8.134306,1587800
2004-12-17,9.200000,9.460000,9.060000,9.380000,8.375390,2438200
2004-12-20,9.380000,9.490000,9.070000,9.150000,8.170021,1853200
2004-12-21,9.220000,9.400000,9.150000,9.400000,8.393247,1462200
2004-12-22,9.450000,9.450000,9.170000,9.230000,8.241454,1011800
2004-12-23,9.250000,9.330000,9.120000,9.150000,8.170021,1020300
2004-12-27,9.290000,9.310000,9.110000,9.240000,8.250386,893300
2004-12-28,9.240000,9.250000,9.120000,9.190000,8.205738,445400
2004-12-29,9.100000,9.280000,9.050000,9.130000,8.152164,1208400
2004-12-30,9.070000,9.180000,9.050000,9.090000,8.116451,925900
2004-12-31,9.100000,9.420000,9.100000,9.270000,8.277172,1080700
2005-01-03,9.100000,9.200000,8.910000,8.950000,7.991442,1069700
2005-01-04,8.880000,8.950000,8.550000,8.760000,7.821793,1427700
2005-01-05,8.920000,9.080000,8.720000,9.020000,8.053946,1741500
2005-01-06,9.220000,9.360000,9.180000,9.330000,8.330746,2214200
2005-01-07,9.500000,9.560000,9.400000,9.410000,8.402178,2659900
2005-01-10,9.490000,9.580000,9.460000,9.550000,8.527183,1767300
2005-01-11,9.400000,9.500000,9.300000,9.330000,8.330746,1314100
2005-01-12,9.350000,9.470000,9.200000,9.300000,8.303956,911800
2005-01-13,9.210000,9.240000,9.080000,9.160000,8.178953,809700
2005-01-14,9.100000,9.100000,8.930000,8.970000,8.009302,1319900
2005-01-18,8.760000,8.920000,8.700000,8.790000,7.848579,2014900
2005-01-19,8.740000,8.760000,8.580000,8.640000,7.714645,828800
2005-01-20,8.590000,8.730000,8.560000,8.650000,7.723573,1542600
2005-01-21,8.690000,8.970000,8.690000,8.950000,7.991442,2336300
2005-01-24,9.000000,9.050000,8.660000,8.750000,7.812863,1852600
2005-01-25,8.760000,8.820000,8.250000,8.390000,7.491420,2911800
2005-01-26,8.350000,8.420000,8.210000,8.250000,7.366415,3084200
2005-01-27,8.160000,8.230000,8.100000,8.150000,7.277123,1738700
2005-01-28,8.200000,8.240000,8.090000,8.150000,7.277123,1386900
2005-01-31,8.160000,8.230000,8.060000,8.130000,7.259266,1593300
2005-02-01,8.100000,8.230000,8.050000,8.180000,7.303912,1072300
2005-02-02,8.190000,8.190000,7.860000,8.110000,7.241408,2301000
2005-02-03,7.930000,8.040000,7.900000,8.000000,7.143189,1442500
2005-02-04,8.000000,8.090000,7.880000,8.090000,7.223550,1459100
2005-02-07,7.950000,8.010000,7.650000,7.720000,6.893177,2075900
2005-02-08,7.680000,7.830000,7.510000,7.740000,6.911036,2954800
2005-02-09,7.840000,8.000000,7.800000,7.920000,7.071758,2739200
2005-02-10,7.930000,8.390000,7.920000,8.350000,7.455705,2580600
2005-02-11,8.410000,8.790000,8.240000,8.500000,7.589638,2209800
2005-02-14,8.510000,8.510000,8.190000,8.280000,7.393200,2422600
2005-02-15,8.200000,8.350000,8.150000,8.160000,7.286054,1168400
2005-02-16,8.130000,8.200000,7.990000,8.040000,7.178905,1621000
2005-02-17,7.990000,8.130000,7.980000,8.110000,7.241408,1899500
2005-02-18,8.050000,8.360000,8.050000,8.300000,7.411059,1722200
2005-02-22,8.620000,8.650000,8.500000,8.590000,7.670001,2724700
2005-02-23,8.590000,8.590000,8.380000,8.510000,7.598567,874100
2005-02-24,8.530000,8.560000,8.230000,8.370000,7.473562,1334700
2005-02-25,8.440000,8.700000,8.380000,8.570000,7.652141,4166600
2005-02-28,8.450000,8.660000,8.410000,8.540000,7.625355,648000
2005-03-01,8.450000,8.450000,8.340000,8.350000,7.455705,1142200
2005-03-02,8.200000,8.450000,8.120000,8.420000,7.518207,1610000
2005-03-03,8.320000,8.360000,8.090000,8.110000,7.241408,1443300
2005-03-04,8.200000,8.270000,8.130000,8.230000,7.348556,1080700
2005-03-07,8.220000,8.290000,8.090000,8.170000,7.294982,771000
2005-03-08,8.330000,8.700000,8.330000,8.700000,7.768218,1701000
2005-03-09,8.650000,8.870000,8.530000,8.870000,7.920010,1055400
2005-03-10,8.810000,8.810000,8.580000,8.780000,7.839651,2184700
2005-03-11,8.650000,8.820000,8.650000,8.810000,7.866436,1391500
2005-03-14,8.740000,8.790000,8.640000,8.700000,7.768218,2279900
2005-03-15,8.800000,8.810000,8.550000,8.570000,7.652141,1353000
2005-03-16,8.750000,9.050000,8.730000,9.000000,8.036086,3674100
2005-03-17,9.040000,9.240000,8.910000,9.160000,8.178953,2308500
2005-03-18,9.100000,9.120000,8.920000,8.970000,8.009302,2327300
2005-03-21,8.630000,8.830000,8.620000,8.690000,7.759290,1075600
2005-03-22,8.750000,8.800000,8.500000,8.520000,7.607498,1296300
2005-03-23,8.530000,8.590000,8.470000,8.510000,7.598567,1517600
2005-03-24,8.480000,8.480000,7.840000,7.850000,7.009254,4743900
2005-03-28,7.870000,8.000000,7.750000,7.880000,7.036042,1534400
2005-03-29,7.890000,7.980000,7.710000,7.760000,6.928894,2260700
2005-03-30,7.670000,7.850000,7.600000,7.830000,6.991396,1790000
2005-03-31,8.000000,8.050000,7.680000,7.800000,6.964610,1687500
2005-04-01,7.850000,7.900000,7.650000,7.870000,7.027112,1659000
2005-04-04,7.770000,7.780000,7.520000,7.600000,6.786030,1523200
2005-04-05,7.620000,7.760000,7.600000,7.710000,6.884249,725600
2005-04-06,7.800000,7.900000,7.730000,7.790000,6.955680,1068800
2005-04-07,7.730000,7.790000,7.600000,7.640000,6.821746,752800
2005-04-08,7.660000,7.710000,7.610000,7.670000,6.848532,804700
2005-04-11,7.750000,7.750000,7.570000,7.620000,6.803888,799600
2005-04-12,7.600000,7.600000,7.320000,7.430000,6.634237,1089300
2005-04-13,7.230000,7.230000,7.060000,7.080000,6.321723,3328800
2005-04-14,6.890000,7.060000,6.810000,6.910000,6.169930,2646400
2005-04-15,6.930000,7.120000,6.870000,7.050000,6.294936,1133500
2005-04-18,7.100000,7.300000,7.050000,7.200000,6.428871,1616800
2005-04-19,7.230000,7.440000,7.150000,7.440000,6.643167,1494200
2005-04-20,7.410000,7.480000,7.220000,7.310000,6.527089,705500
2005-04-21,7.300000,7.370000,7.170000,7.230000,6.455658,753700
2005-04-22,7.320000,7.320000,6.970000,6.970000,6.223504,1759100
2005-04-25,6.830000,6.870000,6.490000,6.540000,5.839557,3002000
2005-04-26,6.620000,6.680000,6.170000,6.270000,5.598475,4433300
2005-04-27,6.110000,6.360000,6.100000,6.320000,5.643120,2836000
2005-04-28,6.160000,6.310000,5.960000,6.190000,5.527043,2543400
2005-04-29,6.210000,6.390000,6.170000,6.270000,5.598475,1972400
2005-05-02,6.100000,6.350000,6.100000,6.320000,5.643120,795000
2005-05-03,6.170000,6.240000,6.110000,6.170000,5.509184,789000
2005-05-04,6.230000,6.290000,6.180000,6.260000,5.589546,1908000
2005-05-05,6.280000,6.280000,6.160000,6.170000,5.509184,1877100
2005-05-06,6.110000,6.210000,6.090000,6.190000,5.527043,1911700
2005-05-09,6.110000,6.400000,6.100000,6.400000,5.714552,1974100
2005-05-10,6.360000,6.360000,6.100000,6.140000,5.482398,2584100
2005-05-11,6.200000,6.490000,6.200000,6.400000,5.714552,1508200
2005-05-12,6.390000,6.450000,6.210000,6.260000,5.589546,1871100
2005-05-13,6.200000,6.340000,6.120000,6.120000,5.464539,1030500
2005-05-16,6.140000,6.340000,6.110000,6.150000,5.491327,1025100
2005-05-17,6.340000,6.430000,6.230000,6.410000,5.723479,1699100
2005-05-18,6.540000,7.020000,6.490000,6.800000,6.071711,4173400
2005-05-19,6.980000,7.030000,6.630000,6.760000,6.035995,1040400
2005-05-20,6.740000,6.930000,6.670000,6.930000,6.187788,986300
2005-05-23,7.400000,7.450000,7.230000,7.360000,6.571734,1843900
2005-05-24,7.400000,7.480000,7.300000,7.440000,6.643167,1393100
2005-05-25,7.440000,7.440000,7.210000,7.290000,6.509232,1566300
2005-05-26,7.210000,7.340000,7.130000,7.190000,6.419941,1297500
2005-05-27,7.300000,7.680000,7.260000,7.670000,6.848532,997200
2005-05-31,7.450000,7.760000,7.300000,7.650000,6.830675,2286900
2005-06-01,7.660000,8.040000,7.520000,7.950000,7.098545,2757400
2005-06-02,7.890000,8.180000,7.750000,7.840000,7.000326,2219400
2005-06-03,7.800000,7.940000,7.800000,7.840000,7.000326,1962500
2005-06-06,7.860000,7.890000,7.600000,7.600000,6.786030,835300
2005-06-07,7.600000,7.600000,7.200000,7.290000,6.509232,2097400
2005-06-08,7.290000,7.400000,7.210000,7.280000,6.500303,888600
2005-06-09,7.310000,7.330000,7.130000,7.300000,6.518160,777300
2005-06-10,7.270000,7.860000,7.250000,7.860000,7.018184,2259300
2005-06-13,7.870000,7.990000,7.700000,7.900000,7.053900,1907500
2005-06-14,7.850000,7.910000,7.720000,7.730000,6.902107,362500
2005-06-15,7.770000,7.850000,7.680000,7.760000,6.928894,1347700
2005-06-16,7.860000,8.060000,7.800000,8.020000,7.161048,1271400
2005-06-17,8.090000,8.410000,8.090000,8.200000,7.321769,2691300
2005-06-20,8.300000,8.350000,8.030000,8.070000,7.205693,1142400
2005-06-21,8.080000,8.390000,8.060000,8.290000,7.402129,950900
2005-06-22,8.170000,8.320000,8.140000,8.200000,7.321769,1242000
2005-06-23,8.250000,8.400000,8.200000,8.300000,7.411059,1960400
2005-06-24,8.310000,8.490000,8.310000,8.390000,7.491420,1501600
2005-06-27,8.350000,8.390000,8.120000,8.150000,7.277123,1151100
2005-06-28,8.200000,8.300000,8.150000,8.210000,7.330698,1306900
2005-06-29,8.260000,8.640000,8.210000,8.570000,7.652141,1885400
2005-06-30,8.680000,8.800000,8.500000,8.560000,7.643214,1103300
2005-07-01,8.560000,8.660000,8.240000,8.610000,7.687858,1009400
2005-07-05,8.630000,8.750000,8.470000,8.510000,7.598567,1219500
2005-07-06,8.570000,8.630000,8.420000,8.430000,7.527136,1029000
2005-07-07,8.660000,8.740000,8.510000,8.610000,7.687858,796000
2005-07-08,8.620000,8.730000,8.430000,8.520000,7.607498,1328500
2005-07-11,8.660000,8.940000,8.660000,8.880000,7.928940,1499200
2005-07-12,8.950000,9.010000,8.730000,8.820000,7.875364,1208700
2005-07-13,8.730000,8.760000,8.620000,8.700000,7.768218,1843400
2005-07-14,8.630000,8.660000,8.300000,8.400000,7.500349,1976200
2005-07-15,8.280000,8.310000,8.190000,8.220000,7.339627,1243800
2005-07-18,8.160000,8.320000,8.150000,8.190000,7.312840,769300
2005-07-19,8.110000,8.190000,8.090000,8.150000,7.277123,619900
2005-07-20,8.200000,8.280000,8.180000,8.190000,7.312840,670300
2005-07-21,8.250000,8.420000,8.220000,8.420000,7.518207,1485100
2005-07-22,8.390000,8.440000,8.330000,8.430000,7.527136,622800
2005-07-25,8.360000,8.420000,8.130000,8.130000,7.259266,730500
2005-07-26,8.100000,8.200000,8.000000,8.160000,7.286054,778300
2005-07-27,8.150000,8.320000,8.140000,8.320000,7.428916,673100
2005-07-28,8.370000,8.370000,8.170000,8.270000,7.384272,396700
2005-07-29,8.360000,8.380000,8.190000,8.200000,7.321769,336000
2005-08-01,8.340000,8.350000,8.050000,8.110000,7.241408,296400
2005-08-02,7.850000,8.070000,7.850000,8.010000,7.152119,775000
2005-08-03,7.950000,8.300000,7.820000,8.250000,7.366415,3622700
2005-08-04,8.300000,8.400000,8.220000,8.320000,7.428916,912000
2005-08-05,8.300000,8.380000,8.110000,8.380000,7.482491,1159700
2005-08-08,8.210000,8.230000,8.050000,8.150000,7.277123,804700
2005-08-09,8.150000,8.180000,7.940000,8.140000,7.268196,681700
2005-08-10,8.160000,8.220000,8.100000,8.170000,7.294982,561600
2005-08-11,8.200000,8.690000,8.180000,8.620000,7.696786,2101800
2005-08-12,8.780000,8.790000,8.610000,8.790000,7.848579,1021900
2005-08-15,8.790000,8.980000,8.700000,8.790000,7.848579,1075300
2005-08-16,8.890000,8.990000,8.750000,8.880000,7.928940,877500
2005-08-17,8.630000,8.830000,8.480000,8.520000,7.607498,849700
2005-08-18,8.420000,8.600000,8.400000,8.550000,7.634283,410700
2005-08-19,8.550000,8.690000,8.470000,8.560000,7.643214,688200
2005-08-22,8.620000,8.740000,8.420000,8.440000,7.536064,432700
2005-08-23,8.420000,8.520000,8.160000,8.160000,7.286054,892200
2005-08-24,8.130000,8.160000,7.770000,7.780000,6.946752,1758100
2005-08-25,7.780000,7.870000,7.580000,7.590000,6.777102,1342500
2005-08-26,7.600000,7.620000,7.280000,7.470000,6.669953,2962400
2005-08-29,7.550000,7.630000,7.410000,7.410000,6.616379,1106400
2005-08-30,7.210000,7.340000,7.210000,7.220000,6.446727,1308900
2005-08-31,7.230000,7.590000,7.220000,7.570000,6.759244,1835300
2005-09-01,7.630000,7.850000,7.570000,7.780000,6.946752,1789800
2005-09-02,7.780000,7.990000,7.780000,7.860000,7.018184,1596800
2005-09-06,7.980000,8.040000,7.920000,8.010000,7.152119,1856000
2005-09-07,8.010000,8.160000,7.920000,8.000000,7.143189,1207700
2005-09-08,8.080000,8.160000,8.010000,8.040000,7.178905,502300
2005-09-09,8.130000,8.480000,8.130000,8.400000,7.500349,2427400
2005-09-12,8.440000,8.490000,8.280000,8.430000,7.527136,725800
2005-09-13,8.480000,8.490000,8.280000,8.370000,7.473562,855100
2005-09-14,8.540000,8.800000,8.510000,8.800000,7.857509,1384600
2005-09-15,8.990000,9.320000,8.930000,9.210000,8.223598,3226300
2005-09-16,10.060000,10.100000,9.870000,10.050000,8.973629,6549400
2005-09-19,10.900000,10.900000,9.560000,9.810000,8.759336,7217200
2005-09-20,10.070000,10.160000,9.820000,9.900000,8.839694,2165400
2005-09-21,10.150000,10.530000,10.150000,10.460000,9.339720,2739100
2005-09-22,10.600000,10.600000,10.270000,10.400000,9.286147,2868000
2005-09-23,10.070000,10.200000,9.950000,9.980000,8.911127,1660700
2005-09-26,9.780000,10.500000,9.720000,10.260000,9.161140,2045900
2005-09-27,10.260000,10.300000,10.010000,10.180000,9.089708,1099000
2005-09-28,10.310000,10.500000,10.130000,10.490000,9.366508,1657400
2005-09-29,10.630000,11.060000,10.630000,11.050000,9.866529,2538400
2005-09-30,11.030000,11.230000,10.800000,10.940000,9.768312,2087900
2005-10-03,10.740000,10.900000,10.650000,10.900000,9.732595,1153600
2005-10-04,10.990000,11.020000,10.500000,10.500000,9.375438,1587200
2005-10-05,10.500000,10.540000,10.180000,10.180000,9.089708,2225900
2005-10-06,10.520000,10.980000,10.370000,10.790000,9.634377,1624900
2005-10-07,10.670000,11.180000,10.670000,11.180000,9.982608,973200
2005-10-10,11.410000,11.540000,11.130000,11.260000,10.054039,1726100
2005-10-11,11.260000,11.280000,10.850000,10.970000,9.795099,1086400
2005-10-12,11.240000,11.370000,10.660000,10.810000,9.652235,2644100
2005-10-13,10.620000,10.690000,10.300000,10.670000,9.527227,967400
2005-10-14,10.400000,10.730000,10.300000,10.640000,9.500442,914900
2005-10-17,10.890000,11.030000,10.710000,10.950000,9.777240,893400
2005-10-18,10.950000,11.060000,10.650000,10.670000,9.527227,891300
2005-10-19,10.300000,10.320000,10.070000,10.190000,9.098636,1963500
2005-10-20,10.180000,10.320000,9.710000,9.850000,8.795052,1395500
2005-10-21,9.900000,10.270000,9.830000,10.190000,9.098636,1411300
2005-10-24,10.220000,10.580000,10.200000,10.450000,9.330792,1181700
2005-10-25,10.740000,10.860000,10.610000,10.680000,9.536157,900200
2005-10-26,10.800000,10.950000,10.330000,10.370000,9.259357,1642300
2005-10-27,10.640000,10.700000,10.250000,10.380000,9.268289,687600
2005-10-28,10.280000,10.650000,10.250000,10.590000,9.455798,931300
2005-10-31,10.630000,10.740000,10.190000,10.450000,9.330792,778500
2005-11-01,10.300000,10.420000,10.200000,10.350000,9.241502,778900
2005-11-02,10.300000,10.690000,10.270000,10.640000,9.500442,968900
2005-11-03,10.410000,10.720000,10.310000,10.400000,9.286147,1022800
2005-11-04,10.460000,10.550000,10.230000,10.300000,9.196856,1049900
2005-11-07,10.420000,10.600000,10.350000,10.360000,9.250429,999100
2005-11-08,10.340000,10.650000,10.340000,10.530000,9.402222,750400
2005-11-09,10.550000,11.150000,10.540000,11.100000,9.911176,1709700
2005-11-10,11.320000,11.330000,10.940000,11.020000,9.839746,1243500
2005-11-11,11.230000,11.750000,11.150000,11.680000,10.429058,1466400
2005-11-14,11.690000,11.840000,11.520000,11.640000,10.393341,1184500
2005-11-15,11.810000,11.870000,11.620000,11.640000,10.393341,2058700
2005-11-16,11.980000,12.610000,11.920000,12.550000,11.205878,2807900
2005-11-17,12.740000,13.110000,12.640000,12.800000,11.429104,3422200
2005-11-18,12.870000,12.900000,12.290000,12.580000,11.232665,2459400
2005-11-21,12.900000,13.120000,12.760000,13.070000,11.670186,1584500
2005-11-22,12.890000,13.250000,12.810000,13.210000,11.795191,2444500
2005-11-23,12.800000,12.900000,12.670000,12.670000,11.313025,1611500
2005-11-25,13.000000,13.050000,12.880000,13.000000,11.607683,468100
2005-11-28,12.810000,13.190000,12.700000,12.930000,11.545181,1434900
2005-11-29,12.620000,12.770000,12.550000,12.600000,11.250524,1579200
2005-11-30,12.390000,12.450000,12.030000,12.070000,10.777287,1037200
2005-12-01,12.320000,12.690000,12.290000,12.630000,11.277310,1059900
2005-12-02,12.600000,12.700000,12.100000,12.170000,10.866576,1475000
2005-12-05,12.370000,12.390000,12.110000,12.250000,10.938009,1500200
2005-12-06,12.240000,12.680000,12.130000,12.530000,11.188021,1502700
2005-12-07,12.720000,13.110000,12.660000,12.770000,11.402314,1474700
2005-12-08,13.100000,13.180000,13.000000,13.180000,11.768406,2762600
2005-12-09,13.400000,13.490000,12.920000,13.000000,11.607683,1760000
2005-12-12,13.510000,13.640000,13.080000,13.210000,11.795191,2549100
2005-12-13,13.000000,13.240000,12.800000,12.990000,11.598752,1702300
2005-12-14,12.980000,12.980000,12.400000,12.590000,11.241594,1652800
2005-12-15,12.680000,13.010000,12.620000,12.710000,11.348742,931200
2005-12-16,12.720000,13.040000,12.700000,12.940000,11.554107,1287400
2005-12-19,13.350000,13.400000,12.900000,12.930000,11.545181,1295900
2005-12-20,12.960000,13.040000,12.400000,12.600000,11.250524,868100
2005-12-21,12.520000,12.900000,12.420000,12.830000,11.455891,1243200
2005-12-22,13.000000,13.250000,12.890000,13.250000,11.830907,1106000
2005-12-23,12.090000,13.490000,11.750000,13.000000,11.607683,735500
2005-12-27,13.120000,13.260000,12.960000,13.020000,11.625542,448700
2005-12-28,13.270000,13.320000,12.870000,13.190000,11.777332,1175400
2005-12-29,13.250000,13.380000,13.000000,13.340000,11.911268,1216100
2005-12-30,13.340000,13.340000,13.040000,13.050000,11.652328,785700
2006-01-03,13.560000,14.050000,13.560000,13.950000,12.455936,2813600
2006-01-04,13.950000,14.200000,13.760000,14.130000,12.616659,1414100
2006-01-05,13.900000,13.960000,13.560000,13.700000,12.232713,1027400
2006-01-06,14.170000,14.350000,14.140000,14.350000,12.813097,1876200
2006-01-09,14.400000,14.400000,13.790000,14.040000,12.536298,2257500
2006-01-10,13.990000,14.250000,13.890000,14.250000,12.723806,922100
2006-01-11,14.360000,14.480000,14.050000,14.480000,12.929172,947400
2006-01-12,14.250000,14.320000,14.010000,14.080000,12.572014,930600
2006-01-13,14.330000,14.950000,14.330000,14.950000,13.348833,2039800
2006-01-17,15.000000,15.410000,14.860000,15.210000,13.580989,2456400
2006-01-18,14.640000,14.830000,14.450000,14.500000,12.947031,2404500
2006-01-19,15.320000,15.580000,15.180000,15.470000,13.813143,1989100
2006-01-20,15.860000,15.970000,15.350000,15.650000,13.973864,2779400
2006-01-23,15.900000,16.160000,15.700000,15.990000,14.277452,2209200
2006-01-24,16.000000,16.000000,15.360000,15.880000,14.179232,1714400
2006-01-25,16.490000,16.610001,16.160000,16.610001,14.831047,2292100
2006-01-26,16.520000,16.940001,16.400000,16.940001,15.125707,2317800
2006-01-27,17.110001,17.450001,16.670000,16.930000,15.116775,1806000
2006-01-30,17.020000,17.400000,16.959999,17.389999,15.527508,1760500
2006-01-31,17.780001,18.790001,17.750000,18.629999,16.634699,3821500
2006-02-01,18.700001,18.840000,17.920000,18.510000,16.527554,2604800
2006-02-02,18.510000,18.650000,17.860001,18.209999,16.259682,2970600
2006-02-03,18.320000,18.400000,17.549999,17.790001,15.884667,2565500
2006-02-06,18.049999,18.770000,18.020000,18.709999,16.706131,1784100
2006-02-07,17.840000,18.129999,16.719999,16.900000,15.089988,3961300
2006-02-08,16.910000,17.400000,16.580000,17.180000,15.340001,2087900
2006-02-09,17.570000,17.750000,17.299999,17.330000,15.473934,2663800
2006-02-10,17.280001,17.290001,16.000000,16.290001,14.545321,2627600
2006-02-13,15.720000,15.920000,14.910000,14.970000,13.366693,2921200
2006-02-14,15.090000,15.200000,14.820000,14.980000,13.375623,2989800
2006-02-15,14.870000,15.200000,14.380000,14.530000,12.973817,2379800
2006-02-16,14.440000,15.150000,14.380000,14.960000,13.357764,1760400
2006-02-17,15.300000,15.840000,15.300000,15.690000,14.009582,2280800
2006-02-21,15.690000,15.980000,15.600000,15.800000,14.107800,2384400
2006-02-22,15.650000,15.780000,15.280000,15.660000,13.982792,1312500
2006-02-23,15.660000,15.660000,14.960000,15.000000,13.393479,1080500
2006-02-24,14.990000,15.370000,14.760000,15.320000,13.679207,2311700
2006-02-27,15.020000,15.050000,14.510000,14.580000,13.018463,1296400
2006-02-28,14.380000,14.440000,13.760000,13.990000,12.491652,3568000
2006-03-01,14.010000,14.470000,14.010000,14.330000,12.795237,1376100
2006-03-02,14.300000,15.030000,14.110000,14.900000,13.304190,2704300
2006-03-03,14.370000,14.600000,14.200000,14.330000,12.795237,3262800
2006-03-06,13.950000,14.360000,13.500000,13.630000,12.170210,3781700
2006-03-07,13.090000,13.480000,13.090000,13.250000,11.830907,2848300
2006-03-08,12.650000,12.940000,12.460000,12.820000,11.446959,3830200
2006-03-09,12.950000,13.260000,12.760000,12.900000,11.518393,2653400
2006-03-10,12.350000,13.140000,12.250000,12.970000,11.580896,3640600
2006-03-13,13.250000,13.450000,13.070000,13.270000,11.848766,1670900
2006-03-14,13.470000,13.810000,13.420000,13.760000,12.286286,2148700
2006-03-15,14.300000,14.380000,14.060000,14.270000,12.741662,2605400
2006-03-16,14.420000,14.470000,13.900000,13.990000,12.491652,1882200
2006-03-17,14.250000,14.360000,13.930000,14.030000,12.527369,1679200
2006-03-20,14.380000,14.550000,13.920000,13.920000,12.429152,2111400
2006-03-21,13.920000,14.110000,13.650000,13.890000,12.402363,1981400
2006-03-22,14.160000,14.240000,13.990000,14.130000,12.616659,1404100
2006-03-23,14.270000,14.650000,14.200000,14.650000,13.080965,1396200
2006-03-24,14.850000,15.360000,14.810000,15.360000,13.714924,1686500
2006-03-27,15.740000,15.870000,15.480000,15.760000,14.072084,2244400
2006-03-28,15.510000,15.600000,15.100000,15.100000,13.482771,1197700
2006-03-29,15.160000,15.830000,15.160000,15.830000,14.134586,1148500
2006-03-30,16.469999,16.559999,16.110001,16.270000,14.527463,3003300
2006-03-31,15.990000,16.219999,15.610000,15.880000,14.179232,1755900
2006-04-03,16.150000,16.590000,16.139999,16.389999,14.634607,1810200
2006-04-04,16.450001,16.549999,16.190001,16.360001,14.607823,1642200
2006-04-05,16.549999,16.559999,15.970000,16.170000,14.438172,2719700
2006-04-06,16.200001,16.280001,15.400000,16.110001,14.384598,3348500
2006-04-07,15.330000,15.530000,15.110000,15.180000,13.554203,1939700
2006-04-10,15.630000,15.650000,15.230000,15.360000,13.714924,1885400
2006-04-11,15.850000,15.890000,14.750000,14.790000,13.205973,2025600
2006-04-12,15.060000,15.350000,14.960000,15.340000,13.697064,1233300
2006-04-13,15.390000,15.560000,15.200000,15.560000,13.893504,1345900
2006-04-17,15.900000,16.219999,15.770000,16.139999,14.411386,1213300
2006-04-18,16.320000,16.530001,16.080000,16.510000,14.741756,1617600
2006-04-19,16.549999,17.760000,16.540001,17.549999,15.670368,2489300
2006-04-20,17.490000,17.500000,15.800000,15.830000,14.134586,3456800
2006-04-21,16.440001,16.879999,16.200001,16.740000,14.947124,1913300
2006-04-24,16.410000,16.840000,16.309999,16.629999,14.848904,1331300
2006-04-25,16.459999,16.549999,15.960000,16.270000,14.527463,1736000
2006-04-26,16.209999,16.780001,15.950000,16.700001,14.911409,1919200
2006-04-27,16.150000,16.670000,16.030001,16.040001,14.322097,1753400
2006-04-28,16.250000,16.840000,16.170000,16.799999,15.000697,1829400
2006-05-01,17.000000,17.000000,16.450001,16.650000,14.866761,1223800
2006-05-02,16.799999,16.940001,16.500000,16.940001,15.125707,1415100
2006-05-03,17.200001,17.250000,16.440001,16.719999,14.929265,1671200
2006-05-04,16.500000,17.219999,16.299999,17.110001,15.277497,1892700
2006-05-05,16.930000,17.010000,16.049999,16.209999,14.473887,2466400
2006-05-08,15.540000,15.930000,15.380000,15.850000,14.152445,1656100
2006-05-09,15.900000,16.870001,15.900000,16.809999,15.009624,2357600
2006-05-10,16.500000,16.850000,16.370001,16.820000,15.018555,1506900
2006-05-11,17.000000,17.010000,16.129999,16.209999,14.473887,2184900
2006-05-12,16.309999,16.500000,14.900000,15.360000,13.714924,3394400
2006-05-15,14.290000,14.560000,13.870000,14.050000,12.545226,4374600
2006-05-16,14.350000,14.420000,13.480000,13.880000,12.393433,2778700
2006-05-17,14.530000,14.710000,13.500000,13.570000,12.116634,3585400
2006-05-18,14.020000,14.240000,13.600000,13.700000,12.232713,2651400
2006-05-19,13.520000,13.940000,13.250000,13.750000,12.277357,3465900
2006-05-22,13.400000,13.400000,12.870000,13.290000,11.866624,4209800
2006-05-23,13.890000,14.680000,13.890000,14.200000,12.679160,2754200
2006-05-24,13.800000,13.940000,13.120000,13.440000,12.000558,2409900
2006-05-25,13.860000,14.470000,13.630000,14.460000,12.911316,1913200
2006-05-26,14.110000,14.430000,13.900000,14.240000,12.714876,1227200
2006-05-30,14.490000,14.700000,13.780000,13.800000,12.322001,1899700
2006-05-31,14.340000,14.440000,14.140000,14.340000,12.804167,2447500
2006-06-01,13.580000,14.230000,13.500000,14.170000,12.652374,2083400
2006-06-02,14.350000,14.610000,14.080000,14.440000,12.893455,1247000
2006-06-05,14.730000,14.930000,14.130000,14.210000,12.688091,2092000
2006-06-06,14.180000,14.380000,13.850000,14.130000,12.616659,2111900
2006-06-07,13.600000,14.290000,13.500000,13.530000,12.080918,1675300
2006-06-08,13.090000,13.470000,12.600000,13.400000,11.964843,2193100
2006-06-09,13.850000,13.960000,13.340000,13.410000,11.973772,1586900
2006-06-12,13.550000,13.690000,12.920000,12.940000,11.554107,1258000
2006-06-13,12.230000,12.740000,11.900000,12.220000,10.911222,3237800
2006-06-14,12.630000,12.790000,12.140000,12.520000,11.179092,1729000
2006-06-15,13.050000,13.290000,12.760000,13.270000,11.848766,1958000
2006-06-16,13.200000,13.360000,12.890000,13.160000,11.750546,1843200
2006-06-19,13.040000,13.050000,12.570000,12.570000,11.223735,1109900
2006-06-20,12.710000,13.180000,12.570000,13.060000,11.661257,1332700
2006-06-21,12.800000,13.960000,12.800000,13.960000,12.464866,1819200
2006-06-22,14.000000,14.550000,13.960000,14.420000,12.875596,3098400
2006-06-23,13.740000,14.830000,13.740000,14.700000,13.125611,1946300
2006-06-26,14.940000,14.950000,14.660000,14.930000,13.330977,1305800
2006-06-27,14.860000,14.940000,14.260000,14.310000,12.777381,1560400
2006-06-28,14.430000,14.550000,14.120000,14.430000,12.884528,910900
2006-06-29,14.490000,15.610000,14.470000,15.560000,13.893504,1809100
2006-06-30,15.760000,16.379999,15.700000,16.290001,14.545321,2044000
2006-07-03,16.570000,17.100000,16.480000,17.100000,15.268565,1132200
2006-07-05,16.879999,16.879999,15.970000,16.030001,14.313167,2071600
2006-07-06,16.180000,16.549999,16.150000,16.400000,14.643538,1819100
2006-07-07,16.459999,16.500000,15.990000,15.990000,14.277452,1252100
2006-07-10,15.800000,16.090000,15.570000,15.820000,14.125656,1215900
2006-07-11,16.110001,16.469999,15.920000,16.469999,14.706039,1210600
2006-07-12,16.420000,16.600000,16.129999,16.280001,14.536391,2471400
2006-07-13,15.910000,16.020000,15.450000,15.450000,13.795284,1372700
2006-07-14,15.790000,15.890000,15.380000,15.660000,13.982792,1264700
2006-07-17,15.500000,15.690000,14.960000,14.960000,13.357764,1698900
2006-07-18,15.310000,15.380000,14.520000,14.790000,13.205973,2327000
2006-07-19,14.550000,15.500000,14.550000,15.490000,13.830999,1571700
2006-07-20,15.190000,15.250000,14.340000,14.340000,12.804167,1711700
2006-07-21,14.640000,14.700000,13.700000,13.750000,12.277357,3323100
2006-07-24,13.620000,14.120000,13.380000,14.080000,12.572014,1863400
2006-07-25,13.950000,14.420000,13.760000,14.380000,12.839883,1375000
2006-07-26,14.380000,14.760000,14.130000,14.590000,13.027390,898300
2006-07-27,14.990000,14.990000,14.030000,14.200000,12.679160,1403600
2006-07-28,14.300000,14.650000,14.290000,14.650000,13.080965,1013600
2006-07-31,14.480000,14.550000,14.200000,14.300000,12.768451,1065300
2006-08-01,14.000000,14.350000,13.900000,14.300000,12.768451,1921900
2006-08-02,14.630000,14.720000,14.200000,14.500000,12.947031,2208500
2006-08-03,14.280000,14.280000,13.940000,14.120000,12.607730,1038300
2006-08-04,14.590000,14.590000,13.860000,13.950000,12.455936,1784300
2006-08-07,13.990000,14.020000,13.570000,13.880000,12.393433,1921900
2006-08-08,13.580000,13.880000,13.550000,13.710000,12.241641,1288800
2006-08-09,13.800000,14.060000,13.630000,13.760000,12.286286,1507200
2006-08-10,13.610000,13.790000,13.460000,13.660000,12.196997,1580900
2006-08-11,13.780000,13.870000,13.310000,13.310000,11.884481,1297500
2006-08-14,13.280000,13.470000,13.130000,13.210000,11.795191,1217000
2006-08-15,13.560000,13.660000,13.380000,13.560000,12.107707,1030300
2006-08-16,14.000000,14.140000,13.910000,14.020000,12.518440,1483900
2006-08-17,14.160000,14.160000,13.620000,13.650000,12.188067,1265000
2006-08-18,13.490000,13.690000,13.230000,13.660000,12.196997,1396200
2006-08-21,13.860000,14.440000,13.760000,14.440000,12.893455,1726800
2006-08-22,14.470000,14.470000,14.220000,14.470000,12.920243,1195500
2006-08-23,14.600000,14.650000,14.100000,14.100000,12.589871,1344700
2006-08-24,14.100000,14.280000,13.770000,13.810000,12.330932,1373400
2006-08-25,14.070000,14.100000,13.850000,13.900000,12.411292,887100
2006-08-28,14.060000,14.060000,13.690000,13.730000,12.259501,943100
2006-08-29,13.690000,13.740000,13.430000,13.690000,12.223781,916100
2006-08-30,13.750000,14.120000,13.680000,14.000000,12.500581,2078200
2006-08-31,13.900000,14.000000,13.590000,13.750000,12.277357,1756700
2006-09-01,13.750000,14.090000,13.590000,13.950000,12.455936,998900
2006-09-05,14.370000,14.560000,14.210000,14.500000,12.947031,1953500
2006-09-06,14.340000,14.540000,14.220000,14.220000,12.697018,1256100
2006-09-07,13.630000,13.730000,13.380000,13.480000,12.036274,1795700
2006-09-08,13.000000,13.130000,12.800000,12.990000,11.598752,1814900
2006-09-11,12.500000,12.560000,12.100000,12.200000,10.893366,3990700
2006-09-12,12.330000,12.480000,12.050000,12.220000,10.911222,1743600
2006-09-13,12.400000,12.630000,12.250000,12.420000,11.089801,1539500
2006-09-14,12.400000,12.420000,11.930000,11.990000,10.705856,2676300
2006-09-15,12.200000,12.340000,11.910000,12.250000,10.938009,2691400
2006-09-18,12.290000,12.700000,12.160000,12.700000,11.339813,1584100
2006-09-19,12.400000,12.540000,12.100000,12.100000,10.804073,2252300
2006-09-20,12.230000,12.270000,12.010000,12.050000,10.759429,2652600
2006-09-21,12.290000,12.300000,11.950000,12.030000,10.741570,2564800
2006-09-22,12.380000,12.670000,12.300000,12.650000,11.295169,3109800
2006-09-25,12.410000,12.750000,12.220000,12.680000,11.321956,2025100
2006-09-26,12.860000,13.270000,12.840000,13.270000,11.848766,1751800
2006-09-27,13.350000,13.450000,12.900000,13.390000,11.955913,2305400
2006-09-28,13.390000,13.480000,13.290000,13.350000,11.920197,1529800
2006-09-29,13.000000,13.180000,12.920000,12.930000,11.545181,2200100
2006-10-02,13.350000,13.570000,13.350000,13.440000,12.000558,1652400
2006-10-03,13.110000,13.210000,12.810000,12.810000,11.438032,2432400
2006-10-04,13.010000,13.600000,12.830000,13.580000,12.125565,3127700
2006-10-05,13.530000,14.250000,13.450000,14.010000,12.509510,2792200
2006-10-06,13.690000,14.000000,13.350000,13.790000,12.313071,1630000
2006-10-09,13.950000,14.080000,13.770000,13.850000,12.366648,1811000
2006-10-10,13.750000,14.170000,13.730000,13.990000,12.491652,1593800
2006-10-11,13.910000,14.100000,13.790000,13.790000,12.313071,1487200
2006-10-12,13.800000,14.380000,13.800000,14.340000,12.804167,1836300
2006-10-13,14.380000,14.380000,14.170000,14.310000,12.777381,2585400
2006-10-16,14.400000,14.460000,14.040000,14.460000,12.911316,1317900
2006-10-17,14.400000,14.400000,13.990000,14.300000,12.768451,1396900
2006-10-18,14.300000,14.420000,14.020000,14.080000,12.572014,1054200
2006-10-19,14.230000,14.620000,14.190000,14.590000,13.027390,1476100
2006-10-20,14.510000,14.600000,14.170000,14.170000,12.652374,999800
2006-10-23,14.010000,14.440000,13.950000,14.420000,12.875596,1463200
2006-10-24,14.050000,14.710000,14.010000,14.570000,13.009532,1559600
2006-10-25,14.570000,15.330000,14.570000,15.250000,13.616703,2094500
2006-10-26,15.210000,15.250000,14.860000,14.900000,13.304190,1360100
2006-10-27,14.900000,14.970000,14.500000,14.520000,12.964889,1518400
2006-10-30,14.620000,14.890000,14.540000,14.550000,12.991676,1050100
2006-10-31,14.950000,15.540000,14.900000,15.540000,13.875645,2454200
2006-11-01,15.950000,15.990000,15.420000,15.550000,13.884575,2055300
2006-11-02,15.500000,16.020000,15.480000,15.720000,14.036367,1572100
2006-11-03,15.850000,16.010000,15.700000,15.830000,14.134586,1092400
2006-11-06,15.780000,16.090000,15.580000,15.580000,13.911361,1490800
2006-11-07,15.900000,15.930000,15.540000,15.670000,13.991723,1301100
2006-11-08,15.620000,15.660000,15.160000,15.340000,13.697064,1998900
2006-11-09,15.700000,16.030001,15.370000,15.980000,14.268519,1551800
2006-11-10,15.850000,15.920000,15.550000,15.680000,14.000651,748300
2006-11-13,15.180000,15.690000,15.150000,15.650000,13.973864,1134400
2006-11-14,15.680000,15.850000,15.290000,15.520000,13.857788,1428400
2006-11-15,15.250000,15.740000,15.180000,15.600000,13.929219,1067300
2006-11-16,15.570000,15.700000,14.920000,14.920000,13.322047,1668700
2006-11-17,14.690000,14.930000,14.510000,14.830000,13.241688,2368400
2006-11-20,15.300000,15.330000,14.840000,15.020000,13.411338,1886600
2006-11-21,15.430000,15.670000,15.350000,15.660000,13.982792,2174000
2006-11-22,15.940000,16.030001,15.660000,15.800000,14.107800,1125900
2006-11-24,16.200001,16.709999,16.200001,16.480000,14.714969,1812800
2006-11-27,16.889999,16.990000,16.639999,16.820000,15.018555,2624700
2006-11-28,16.760000,17.260000,16.590000,17.209999,15.366788,2551500
2006-11-29,16.959999,17.000000,16.639999,16.920000,15.107843,2143700
2006-11-30,17.020000,17.070000,16.820000,16.959999,15.143560,2591200
2006-12-01,16.980000,17.030001,16.370001,16.540001,14.768543,2105100
2006-12-04,16.620001,16.750000,16.410000,16.680000,14.893549,1486500
2006-12-05,16.690001,16.780001,16.150000,16.389999,14.634607,1773000
2006-12-06,16.190001,16.250000,15.850000,15.900000,14.197089,2611900
2006-12-07,15.940000,16.020000,15.690000,15.850000,14.152445,1897800
2006-12-08,15.800000,15.890000,15.360000,15.390000,13.741710,2063800
2006-12-11,15.200000,15.540000,15.130000,15.500000,13.839930,1718500
2006-12-12,15.360000,15.520000,15.070000,15.330000,13.688137,1631000
2006-12-13,15.470000,15.930000,15.420000,15.750000,14.063154,1745000
2006-12-14,15.700000,15.980000,15.620000,15.950000,14.241735,1970300
2006-12-15,15.920000,16.090000,15.640000,15.950000,14.241735,3355100
2006-12-18,15.860000,15.920000,15.520000,15.550000,13.884575,1405000
2006-12-19,15.600000,16.010000,15.550000,15.980000,14.268519,1491700
2006-12-20,16.049999,16.090000,15.650000,15.650000,13.973864,2100200
2006-12-21,15.780000,15.820000,15.250000,15.250000,13.616703,1744100
2006-12-22,15.600000,15.610000,15.300000,15.360000,13.714924,1128200
2006-12-26,15.590000,15.740000,15.290000,15.350000,13.705995,517200
2006-12-27,15.670000,15.730000,15.460000,15.680000,14.000651,957300
2006-12-28,15.870000,15.970000,15.700000,15.790000,14.098870,963000
2006-12-29,15.790000,15.790000,15.480000,15.750000,14.063154,744500
2007-01-03,15.900000,15.970000,15.220000,15.270000,13.634563,1839800
2007-01-04,14.910000,15.170000,14.710000,14.820000,13.232758,1509000
2007-01-05,14.480000,14.530000,13.950000,14.270000,12.741662,3761900
2007-01-08,14.010000,14.100000,13.850000,14.040000,12.536298,2076500
2007-01-09,13.470000,13.590000,13.200000,13.460000,12.018417,4173600
2007-01-10,12.850000,13.260000,12.850000,13.090000,11.688044,3295100
2007-01-11,13.100000,13.480000,13.100000,13.220000,11.804121,2709900
2007-01-12,13.220000,13.560000,13.170000,13.480000,12.036274,2852200
2007-01-16,13.290000,13.340000,13.140000,13.200000,11.786261,1566600
2007-01-17,12.920000,13.370000,12.910000,13.200000,11.786261,3618500
2007-01-18,13.430000,13.620000,13.030000,13.170000,11.759477,2676500
2007-01-19,13.420000,13.470000,13.240000,13.430000,11.991629,1734200
2007-01-22,13.210000,13.470000,13.110000,13.280000,11.857696,2231100
2007-01-23,13.390000,13.870000,13.380000,13.800000,12.322001,2284900
2007-01-24,13.850000,14.040000,13.590000,14.040000,12.536298,1995800
2007-01-25,14.160000,14.400000,13.680000,13.760000,12.286286,2271300
2007-01-26,13.730000,13.850000,13.550000,13.700000,12.232713,1299000
2007-01-29,13.240000,13.650000,13.230000,13.260000,11.839836,2350700
2007-01-30,13.340000,13.470000,13.230000,13.410000,11.973772,2279300
2007-01-31,13.190000,13.590000,13.160000,13.390000,11.955913,2700500
2007-02-01,13.650000,13.790000,13.470000,13.640000,12.179138,2443900
2007-02-02,13.190000,13.320000,12.890000,13.160000,11.750546,2777100
2007-02-05,13.050000,13.170000,12.990000,13.050000,11.652328,1915900
2007-02-06,13.500000,13.500000,13.190000,13.310000,11.884481,2215500
2007-02-07,13.140000,13.230000,13.050000,13.170000,11.759477,1945900
2007-02-08,12.980000,13.290000,12.830000,13.290000,11.866624,3092700
2007-02-09,13.220000,13.480000,13.130000,13.160000,11.750546,3188500
2007-02-12,13.160000,13.490000,13.070000,13.160000,11.750546,1785000
2007-02-13,13.310000,13.400000,13.200000,13.290000,11.866624,1385100
2007-02-14,13.470000,13.690000,13.350000,13.520000,12.071989,1977300
2007-02-15,13.710000,13.750000,13.500000,13.710000,12.241641,1647700
2007-02-16,13.380000,13.560000,13.360000,13.490000,12.045205,1563100
2007-02-20,13.110000,13.290000,13.060000,13.180000,11.768406,1704200
2007-02-21,13.140000,13.830000,13.140000,13.760000,12.286286,3079700
2007-02-22,13.990000,14.150000,13.850000,13.990000,12.491652,3219000
2007-02-23,14.460000,14.470000,14.020000,14.130000,12.616659,2123200
2007-02-26,14.400000,14.430000,14.140000,14.300000,12.768451,1434600
2007-02-27,13.860000,13.980000,13.220000,13.380000,11.946985,3829500
2007-02-28,13.620000,13.920000,13.330000,13.840000,12.357716,3951100
2007-03-01,13.430000,13.940000,12.990000,13.800000,12.322001,4124700
2007-03-02,13.400000,13.730000,13.330000,13.390000,11.955913,2786800
2007-03-05,12.820000,13.340000,12.800000,13.060000,11.661257,3407000
2007-03-06,13.320000,13.520000,13.240000,13.440000,12.000558,1719400
2007-03-07,13.170000,13.570000,13.170000,13.300000,11.875552,1873900
2007-03-08,13.560000,13.620000,13.410000,13.480000,12.036274,1189700
2007-03-09,13.760000,13.800000,13.340000,13.420000,11.982699,1391500
2007-03-12,13.430000,13.640000,13.310000,13.490000,12.045205,1345800
2007-03-13,13.400000,13.460000,13.180000,13.200000,11.786261,2822700
2007-03-14,13.210000,13.360000,13.010000,13.270000,11.848766,2348000
2007-03-15,13.380000,13.650000,13.270000,13.630000,12.170210,2708500
2007-03-16,13.770000,13.940000,13.490000,13.720000,12.250569,1604900
2007-03-19,14.020000,14.240000,14.010000,14.080000,12.572014,2407500
2007-03-20,14.340000,14.350000,14.110000,14.210000,12.688091,2114100
2007-03-21,14.400000,14.710000,14.190000,14.690000,13.116682,2174500
2007-03-22,14.640000,14.650000,14.450000,14.540000,12.982745,1289000
2007-03-23,14.440000,14.580000,14.330000,14.480000,12.929172,957900
2007-03-26,14.410000,14.460000,14.200000,14.370000,12.830953,1733300
2007-03-27,14.170000,14.240000,13.890000,13.960000,12.464866,2128900
2007-03-28,13.990000,13.990000,13.760000,13.950000,12.455936,1454000
2007-03-29,13.920000,13.970000,13.550000,13.730000,12.259501,1474200
2007-03-30,13.970000,14.140000,13.890000,13.900000,12.411292,1585500
2007-04-02,14.070000,14.310000,13.990000,14.310000,12.777381,1677600
2007-04-03,14.550000,15.080000,14.520000,14.990000,13.384552,3150700
2007-04-04,15.180000,15.490000,15.110000,15.450000,13.795284,2192900
2007-04-05,15.620000,15.750000,15.460000,15.520000,13.857788,2003600
2007-04-09,15.690000,15.690000,15.340000,15.490000,13.830999,1190600
2007-04-10,15.820000,15.900000,15.720000,15.780000,14.089940,1319700
2007-04-11,16.250000,16.290001,15.420000,15.560000,13.893504,1962500
2007-04-12,15.610000,15.780000,15.450000,15.780000,14.089940,1232200
2007-04-13,15.860000,16.090000,15.810000,16.049999,14.331022,1482300
2007-04-16,16.250000,16.340000,16.170000,16.299999,14.554246,2158800
2007-04-17,16.360001,16.700001,16.209999,16.440001,14.679255,2271100
2007-04-18,16.400000,16.400000,16.170000,16.240000,14.500674,1429300
2007-04-19,15.940000,16.100000,15.640000,15.840000,14.143516,2141700
2007-04-20,16.110001,16.330000,16.110001,16.240000,14.500674,1755300
2007-04-23,16.309999,16.389999,16.240000,16.370001,14.616752,1684600
2007-04-24,16.370001,16.379999,16.100000,16.340000,14.589965,2000000
2007-04-25,16.500000,16.700001,16.260000,16.580000,14.804258,1439500
2007-04-26,16.320000,16.350000,16.040001,16.120001,14.393528,1625800
2007-04-27,16.150000,16.320000,16.100000,16.240000,14.500674,990700
2007-04-30,16.030001,16.139999,15.850000,15.880000,14.179232,919600
2007-05-01,15.700000,15.920000,15.520000,15.770000,14.081012,1604100
2007-05-02,15.740000,16.110001,15.630000,16.100000,14.375669,1290400
2007-05-03,15.930000,16.260000,15.890000,16.209999,14.473887,1396100
2007-05-04,16.240000,16.410000,16.150000,16.320000,14.572107,1763300
2007-05-07,16.500000,16.639999,16.469999,16.510000,14.741756,1027600
2007-05-08,16.280001,16.330000,16.020000,16.180000,14.447101,1170500
2007-05-09,16.110001,16.180000,15.870000,16.110001,14.384598,842400
2007-05-10,15.830000,15.860000,15.240000,15.450000,13.795284,1343400
2007-05-11,15.480000,15.740000,15.480000,15.730000,14.045296,918500
2007-05-14,15.800000,16.690001,15.330000,15.610000,13.938148,1733200
2007-05-15,15.400000,15.800000,15.290000,15.450000,13.795284,1408800
2007-05-16,15.330000,15.350000,14.910000,15.200000,13.572060,1340400
2007-05-17,14.770000,14.970000,14.740000,14.850000,13.259545,1373500
2007-05-18,14.960000,15.080000,14.850000,15.030000,13.420268,1089500
2007-05-21,14.970000,15.450000,14.930000,15.240000,13.607776,2121500
2007-05-22,15.370000,15.590000,15.120000,15.150000,13.527414,1572800
2007-05-23,15.510000,15.830000,15.420000,15.540000,13.875645,2369400
2007-05-24,15.400000,15.420000,14.830000,14.870000,13.277402,1598500
2007-05-25,14.940000,15.040000,14.810000,15.030000,13.420268,998800
2007-05-29,15.030000,15.120000,14.700000,14.870000,13.277402,1040000
2007-05-30,14.480000,14.770000,14.430000,14.760000,13.179184,881800
2007-05-31,14.750000,14.980000,14.640000,14.930000,13.330977,1705600
2007-06-01,14.990000,15.200000,14.910000,15.170000,13.545272,1945700
2007-06-04,14.890000,14.930000,14.740000,14.830000,13.241688,1673400
2007-06-05,14.670000,14.830000,14.600000,14.760000,13.179184,1492700
2007-06-06,14.480000,14.520000,14.100000,14.200000,12.679160,2429500
2007-06-07,14.210000,14.330000,13.690000,13.690000,12.223781,2270400
2007-06-08,13.640000,13.790000,13.350000,13.750000,12.277357,2000300
2007-06-11,13.710000,14.010000,13.570000,13.740000,12.268426,1158800
2007-06-12,13.360000,13.470000,13.150000,13.200000,11.786261,2836300
2007-06-13,13.270000,13.540000,13.230000,13.470000,12.027345,1701200
2007-06-14,13.530000,13.710000,13.520000,13.620000,12.161279,1314100
2007-06-15,14.060000,14.110000,13.900000,13.900000,12.411292,2635500
2007-06-18,14.350000,14.480000,14.180000,14.260000,12.732737,2594600
2007-06-19,14.300000,14.450000,14.180000,14.440000,12.893455,1107500
2007-06-20,14.750000,14.770000,14.500000,14.500000,12.947031,2276600
2007-06-21,14.640000,14.700000,14.450000,14.640000,13.072037,1490700
2007-06-22,14.690000,14.740000,14.560000,14.580000,13.018463,1065500
2007-06-25,14.530000,14.750000,14.310000,14.540000,12.982745,1443100
2007-06-26,14.450000,14.530000,14.180000,14.240000,12.714876,1478400
2007-06-27,13.930000,14.340000,13.930000,14.340000,12.804167,1160500
2007-06-28,14.400000,14.450000,14.230000,14.320000,12.786306,1121300
2007-06-29,14.400000,14.430000,14.140000,14.270000,12.741662,769300
2007-07-02,14.500000,14.620000,14.320000,14.570000,13.009532,1120700
2007-07-03,14.600000,14.600000,14.320000,14.360000,12.822025,550200
2007-07-05,14.170000,14.410000,14.050000,14.370000,12.830953,996300
2007-07-06,14.330000,14.820000,14.270000,14.710000,13.134539,1518400
2007-07-09,14.800000,14.910000,14.660000,14.680000,13.107752,1548100
2007-07-10,14.560000,14.760000,14.510000,14.550000,12.991676,1135000
2007-07-11,14.530000,14.570000,14.360000,14.530000,12.973817,1207500
2007-07-12,14.620000,14.950000,14.580000,14.930000,13.330977,2564200
2007-07-13,14.880000,15.050000,14.770000,14.990000,13.384552,2660600
2007-07-16,14.920000,15.000000,14.830000,14.880000,13.286333,1440600
2007-07-17,14.830000,14.930000,14.770000,14.850000,13.259545,867500
2007-07-18,14.700000,14.930000,14.610000,14.910000,13.313118,2469800
2007-07-19,15.010000,15.100000,14.800000,15.050000,13.438126,1515100
2007-07-20,15.020000,15.120000,14.860000,15.020000,13.411338,1319700
2007-07-23,15.190000,15.270000,15.130000,15.190000,13.563131,744800
2007-07-24,15.090000,15.240000,14.710000,14.830000,13.241688,1310000
2007-07-25,14.710000,14.800000,14.150000,14.470000,12.920243,1483100
2007-07-26,13.960000,14.120000,13.530000,13.920000,12.429152,3145100
2007-07-27,13.620000,13.890000,13.280000,13.360000,11.929127,2160300
2007-07-30,13.440000,14.080000,13.300000,14.040000,12.536298,1593900
2007-07-31,14.000000,14.260000,13.760000,13.840000,12.357716,1311100
2007-08-01,13.550000,13.790000,13.420000,13.630000,12.170210,1577200
2007-08-02,13.610000,14.100000,13.580000,13.970000,12.473797,1737400
2007-08-03,13.920000,13.990000,13.460000,13.470000,12.027345,2290800
2007-08-06,12.300000,12.470000,10.870000,11.020000,9.839746,9612400
2007-08-07,9.410000,9.750000,8.910000,9.450000,8.437892,10846700
2007-08-08,9.900000,10.070000,9.870000,10.060000,8.982561,5888000
2007-08-09,9.760000,9.890000,9.580000,9.650000,8.616473,2777100
2007-08-10,9.370000,10.050000,9.370000,9.870000,8.812910,2558000
2007-08-13,9.960000,10.050000,9.800000,9.950000,8.884340,1693200
2007-08-14,9.700000,9.800000,9.410000,9.430000,8.420034,2366200
2007-08-15,9.410000,9.660000,9.330000,9.440000,8.428964,2553600
2007-08-16,9.300000,9.340000,8.410000,8.820000,7.875364,4891400
2007-08-17,9.120000,9.290000,8.820000,8.980000,8.018229,3192000
2007-08-20,8.960000,9.120000,8.610000,8.970000,8.009302,2560500
2007-08-21,8.750000,8.830000,8.600000,8.770000,7.830720,1907900
2007-08-22,8.870000,9.000000,8.780000,8.940000,7.982514,3222400
2007-08-23,8.600000,8.690000,8.460000,8.480000,7.571780,2435700
2007-08-24,8.710000,9.070000,8.600000,9.010000,8.045018,2192800
2007-08-27,9.240000,9.270000,8.960000,8.960000,8.000372,2216400
2007-08-28,9.030000,9.320000,8.920000,8.960000,8.000372,2215500
2007-08-29,9.050000,9.140000,8.890000,9.140000,8.161095,1460100
2007-08-30,8.910000,9.180000,8.870000,9.040000,8.071805,1328800
2007-08-31,9.120000,9.140000,8.950000,8.950000,7.991442,1928200
2007-09-04,9.070000,9.650000,8.970000,9.500000,8.482538,3086800
2007-09-05,9.580000,9.690000,9.310000,9.330000,8.330746,1739200
2007-09-06,9.690000,9.920000,9.480000,9.860000,8.803981,3176200
2007-09-07,10.310000,10.310000,10.100000,10.190000,9.098636,3299400
2007-09-10,10.630000,10.670000,10.320000,10.430000,9.312933,4059100
2007-09-11,10.510000,10.690000,10.320000,10.660000,9.518300,3737300
2007-09-12,10.900000,11.160000,10.830000,11.050000,9.866529,3901700
2007-09-13,11.220000,11.240000,11.030000,11.130000,9.937963,2344300
2007-09-14,11.000000,11.310000,10.970000,11.210000,10.009394,2630300
2007-09-17,11.270000,11.320000,11.030000,11.130000,9.937963,2140500
2007-09-18,11.300000,11.740000,10.950000,11.610000,10.366554,3435900
2007-09-19,11.560000,11.850000,11.500000,11.780000,10.518346,3227700
2007-09-20,12.090000,12.300000,11.960000,12.220000,10.911222,3377000
2007-09-21,12.090000,12.330000,11.780000,12.310000,10.991584,4421700
2007-09-24,12.100000,12.360000,12.100000,12.150000,10.848719,2316200
2007-09-25,12.060000,12.200000,11.940000,12.180000,10.875504,1748100
2007-09-26,12.180000,12.240000,11.970000,12.090000,10.795144,1835100
2007-09-27,12.190000,12.350000,12.050000,12.110000,10.813003,1263800
2007-09-28,12.170000,12.210000,11.770000,11.910000,10.634423,2173700
2007-10-01,11.760000,11.900000,11.610000,11.900000,10.625494,1857700
2007-10-02,11.290000,11.480000,11.060000,11.070000,9.884388,3002500
2007-10-03,11.080000,11.090000,10.270000,10.460000,9.339720,4332400
2007-10-04,10.750000,10.780000,10.510000,10.760000,9.607591,2852900
2007-10-05,10.950000,10.990000,10.700000,10.790000,9.634377,3016100
2007-10-08,10.530000,10.660000,10.290000,10.390000,9.277217,2247100
2007-10-09,10.270000,10.450000,10.240000,10.310000,9.205786,2365300
2007-10-10,10.370000,10.420000,10.020000,10.190000,9.098636,3048600
2007-10-11,10.050000,10.550000,9.940000,10.160000,9.071851,6525400
2007-10-12,10.390000,10.390000,10.080000,10.120000,9.036136,2051500
2007-10-15,10.310000,10.330000,9.750000,9.910000,8.848627,3828500
2007-10-16,9.890000,10.030000,9.750000,9.750000,8.705762,2375600
2007-10-17,9.960000,9.960000,9.550000,9.620000,8.589684,3535200
2007-10-18,9.720000,9.750000,9.510000,9.650000,8.616473,2600000
2007-10-19,9.770000,9.770000,9.490000,9.580000,8.553970,2358300
2007-10-22,9.580000,9.680000,9.410000,9.630000,8.598616,2805800
2007-10-23,9.990000,10.010000,9.850000,10.000000,8.928985,2178500
2007-10-24,10.020000,10.060000,9.800000,10.060000,8.982561,2850100
2007-10-25,10.060000,10.260000,10.050000,10.250000,9.152212,2902900
2007-10-26,10.420000,10.870000,10.410000,10.700000,9.554016,3707100
2007-10-29,10.650000,10.800000,10.620000,10.750000,9.598660,2761800
2007-10-30,10.650000,10.850000,10.550000,10.800000,9.643305,2928000
2007-10-31,10.950000,11.350000,10.790000,11.200000,10.000465,4811700
2007-11-01,11.010000,11.030000,10.750000,10.800000,9.643305,2517600
2007-11-02,10.730000,11.180000,10.690000,11.180000,9.982608,2651400
2007-11-05,10.940000,11.080000,10.760000,11.050000,9.866529,1962300
2007-11-06,11.320000,11.380000,11.110000,11.380000,10.161185,1709900
2007-11-07,11.530000,11.730000,11.130000,11.210000,10.009394,2961200
2007-11-08,11.600000,11.790000,11.260000,11.450000,10.223691,2974700
2007-11-09,11.090000,11.350000,10.890000,11.150000,9.955821,2179700
2007-11-12,10.570000,10.770000,10.320000,10.400000,9.286147,2434300
2007-11-13,10.510000,10.620000,10.270000,10.610000,9.473655,1567700
2007-11-14,10.990000,11.010000,10.750000,10.790000,9.634377,2059400
2007-11-15,10.560000,10.640000,10.150000,10.240000,9.143280,2283600
2007-11-16,10.290000,10.540000,10.110000,10.330000,9.223643,1665200
2007-11-19,10.080000,10.190000,9.950000,10.060000,8.982561,1648100
2007-11-20,10.090000,10.330000,9.700000,10.090000,9.009347,2862100
2007-11-21,9.860000,9.860000,9.610000,9.740000,8.696834,1859200
2007-11-23,10.280000,10.310000,10.000000,10.310000,9.205786,1529400
2007-11-26,10.330000,10.330000,9.710000,9.740000,8.696834,1537500
2007-11-27,10.020000,10.020000,9.700000,9.920000,8.857554,1536200
2007-11-28,9.930000,10.400000,9.850000,10.400000,9.286147,1762100
2007-11-29,10.460000,10.670000,10.430000,10.470000,9.348649,1475000
2007-11-30,10.830000,10.900000,10.370000,10.440000,9.321863,1641800
2007-12-03,10.560000,10.690000,10.510000,10.600000,9.464726,1080100
2007-12-04,10.630000,10.670000,10.200000,10.440000,9.321863,1571200
2007-12-05,10.720000,10.720000,10.360000,10.540000,9.411152,1274800
2007-12-06,10.590000,10.970000,10.590000,10.970000,9.795099,1302900
2007-12-07,10.840000,10.880000,10.600000,10.850000,9.687951,949600
2007-12-10,10.630000,10.850000,10.630000,10.850000,9.687951,1136400
2007-12-11,10.900000,11.240000,10.580000,10.590000,9.455798,1656000
2007-12-12,10.720000,10.800000,10.300000,10.500000,9.375438,2151500
2007-12-13,10.180000,10.410000,9.950000,10.150000,9.062921,1904400
2007-12-14,9.720000,9.970000,9.700000,9.700000,8.661118,1858100
2007-12-17,9.690000,9.690000,9.350000,9.460000,8.446821,2263100
2007-12-18,9.680000,9.780000,9.440000,9.770000,8.723622,1496300
2007-12-19,9.590000,9.690000,9.470000,9.500000,8.482538,1051100
2007-12-20,9.530000,9.570000,9.380000,9.520000,8.500397,1609400
2007-12-21,9.890000,10.060000,9.560000,10.000000,8.928985,3745500
2007-12-24,10.060000,10.170000,10.050000,10.150000,9.062921,573000
2007-12-26,10.140000,10.530000,10.140000,10.380000,9.268289,1696900
2007-12-27,10.580000,10.770000,10.530000,10.620000,9.482584,1143800
2007-12-28,10.630000,10.760000,10.540000,10.630000,9.491511,1342600
2007-12-31,10.560000,10.560000,10.240000,10.310000,9.205786,1213600
2008-01-02,10.420000,10.820000,10.270000,10.750000,9.598660,2701100
2008-01-03,11.010000,11.770000,10.940000,11.580000,10.339767,4711600
2008-01-04,11.510000,11.840000,11.460000,11.630000,10.384413,3690300
2008-01-07,11.800000,11.880000,11.260000,11.630000,10.384413,3018200
2008-01-08,12.010000,12.530000,11.530000,11.960000,10.679070,3745500
2008-01-09,12.150000,12.340000,11.950000,12.170000,10.866576,3350500
2008-01-10,11.900000,12.430000,11.890000,12.360000,11.036228,3144000
2008-01-11,12.620000,12.950000,12.570000,12.650000,11.295169,4297100
2008-01-14,13.110000,13.110000,12.730000,12.860000,11.482676,2857700
2008-01-15,12.530000,12.840000,12.260000,12.420000,11.089801,2762800
2008-01-16,12.020000,12.160000,11.260000,11.350000,10.134401,5802300
2008-01-17,11.620000,11.620000,10.930000,10.980000,9.804028,4012600
2008-01-18,11.190000,11.490000,10.510000,11.060000,9.875461,3159900
2008-01-22,10.590000,11.510000,10.410000,11.470000,10.241549,3757400
2008-01-23,10.730000,11.320000,10.490000,11.320000,10.107614,3753400
2008-01-24,11.450000,11.770000,11.450000,11.740000,10.482630,3414000
2008-01-25,10.780000,11.050000,10.630000,10.870000,9.705810,4856400
2008-01-28,10.110000,10.350000,10.070000,10.280000,9.178997,5279400
2008-01-29,10.480000,10.530000,10.320000,10.340000,9.232573,4011900
2008-01-30,10.330000,10.460000,10.120000,10.190000,9.098636,3594300
2008-01-31,9.790000,10.240000,9.760000,10.110000,9.027205,2883600
2008-02-01,9.810000,9.970000,9.670000,9.770000,8.723622,2984000
2008-02-04,9.800000,9.940000,9.770000,9.790000,8.741478,1858800
2008-02-05,9.580000,9.750000,9.490000,9.520000,8.500397,3156400
2008-02-06,9.800000,9.900000,9.550000,9.590000,8.562899,2374300
2008-02-07,9.830000,10.160000,9.780000,9.960000,8.893271,2790600
2008-02-08,9.830000,10.000000,9.760000,9.940000,8.875411,2148500
2008-02-11,9.620000,9.870000,9.510000,9.740000,8.696834,1990300
2008-02-12,9.920000,9.970000,9.530000,9.570000,8.545039,2469400
2008-02-13,9.610000,9.640000,9.340000,9.520000,8.500397,2209800
2008-02-14,9.790000,10.140000,9.730000,9.980000,8.911127,2613300
2008-02-15,10.310000,10.360000,9.950000,10.110000,9.027205,3085200
2008-02-19,10.880000,11.240000,10.790000,11.110000,9.920104,4939200
2008-02-20,11.200000,11.860000,11.150000,11.840000,10.571920,4332300
2008-02-21,12.100000,12.320000,11.850000,11.960000,10.679070,3906400
2008-02-22,12.200000,12.250000,11.800000,12.170000,10.866576,3509700
2008-02-25,12.160000,12.380000,11.930000,12.370000,11.045156,3202800
2008-02-26,12.050000,12.430000,12.050000,12.430000,11.098732,2654800
2008-02-27,12.500000,13.060000,12.500000,12.930000,11.545181,4012400
2008-02-28,12.800000,12.840000,12.360000,12.640000,11.286241,3064000
2008-02-29,12.450000,12.470000,12.010000,12.140000,10.839787,2123600
2008-03-03,13.020000,13.290000,12.650000,13.220000,11.804121,5378900
2008-03-04,13.460000,13.500000,12.770000,12.980000,11.589826,3709900
2008-03-05,13.160000,13.320000,12.900000,13.320000,11.893412,3418900
2008-03-06,13.720000,13.880000,13.430000,13.480000,12.036274,3725000
2008-03-07,14.000000,14.020000,13.410000,13.470000,12.027345,3801100
2008-03-10,13.570000,13.640000,12.930000,12.950000,11.563038,3338000
2008-03-11,13.530000,13.540000,13.230000,13.540000,12.089849,4853100
2008-03-12,13.340000,13.890000,13.340000,13.700000,12.232713,3142000
2008-03-13,13.960000,14.200000,13.870000,14.060000,12.554156,5918200
2008-03-14,14.320000,14.560000,13.890000,14.430000,12.884528,3807800
2008-03-17,13.690000,14.220000,13.560000,14.010000,12.509510,4409800
2008-03-18,13.930000,13.930000,13.170000,13.240000,11.821979,4256700
2008-03-19,13.100000,13.110000,12.180000,12.280000,10.964795,6391100
2008-03-20,11.970000,12.250000,11.710000,11.890000,10.616567,4797100
2008-03-24,11.880000,12.480000,11.840000,11.870000,10.598708,2769500
2008-03-25,12.010000,12.270000,11.980000,12.220000,10.911222,2282500
2008-03-26,12.500000,12.570000,12.130000,12.520000,11.179092,2478300
2008-03-27,12.700000,12.720000,12.310000,12.420000,11.089801,2233800
2008-03-28,12.190000,12.320000,11.990000,12.080000,10.786216,1638400
2008-03-31,12.200000,12.270000,11.660000,11.840000,10.571920,1981400
2008-04-01,11.430000,11.640000,11.290000,11.510000,10.277266,3026700
2008-04-02,11.720000,12.150000,11.690000,12.140000,10.839787,1911300
2008-04-03,11.890000,12.170000,11.810000,12.060000,10.768358,1752400
2008-04-04,11.740000,11.830000,11.580000,11.640000,10.393341,2386200
2008-04-07,11.540000,11.750000,11.460000,11.500000,10.268333,1925200
2008-04-08,11.330000,11.540000,11.220000,11.270000,10.062969,1607900
2008-04-09,11.480000,11.550000,11.250000,11.390000,10.170115,3573600
2008-04-10,11.470000,11.490000,11.090000,11.250000,10.045111,1831600
2008-04-11,11.470000,11.580000,11.310000,11.410000,10.187974,1794000
2008-04-14,11.360000,11.530000,11.210000,11.360000,10.143330,1808000
2008-04-15,11.460000,11.480000,11.000000,11.100000,9.911176,2964700
2008-04-16,11.380000,12.130000,11.300000,11.920000,10.643353,5983900
2008-04-17,11.980000,12.060000,11.760000,11.990000,10.705856,1913800
2008-04-18,11.800000,12.490000,11.800000,11.990000,10.705856,3119000
2008-04-21,11.980000,12.120000,11.650000,11.820000,10.554062,1721400
2008-04-22,12.320000,12.500000,12.180000,12.360000,11.036228,3066100
2008-04-23,12.150000,12.290000,11.920000,11.940000,10.661211,2619600
2008-04-24,11.770000,12.020000,11.570000,11.760000,10.500488,2530500
2008-04-25,11.750000,12.000000,11.660000,11.890000,10.616567,1911500
2008-04-28,11.950000,12.120000,11.750000,11.940000,10.661211,1311800
2008-04-29,11.530000,11.600000,11.200000,11.220000,10.018323,2066900
2008-04-30,11.370000,11.700000,11.360000,11.690000,10.437984,2154500
2008-05-01,11.250000,11.610000,11.200000,11.460000,10.232619,1638700
2008-05-02,11.510000,11.680000,11.160000,11.530000,10.295120,1840700
2008-05-05,11.820000,11.900000,11.660000,11.870000,10.598708,1296400
2008-05-06,11.890000,12.080000,11.860000,12.030000,10.741570,1344300
2008-05-07,11.800000,11.880000,11.450000,11.590000,10.348696,2163800
2008-05-08,11.840000,12.400000,11.820000,12.400000,11.071942,2211200
2008-05-09,12.340000,12.490000,12.170000,12.340000,11.018369,1113400
2008-05-12,12.380000,12.550000,12.290000,12.550000,11.205878,1157800
2008-05-13,12.440000,12.730000,12.320000,12.620000,11.268379,1256800
2008-05-14,12.420000,12.600000,12.250000,12.260000,10.946939,1396500
2008-05-15,12.360000,12.620000,12.320000,12.620000,11.268379,1595500
2008-05-16,12.630000,12.870000,12.430000,12.550000,11.205878,2329600
2008-05-19,12.790000,12.990000,12.700000,12.930000,11.545181,1828100
2008-05-20,12.650000,12.790000,12.550000,12.790000,11.420175,1338300
2008-05-21,12.580000,12.950000,12.550000,12.610000,11.259450,1887000
2008-05-22,13.030000,13.200000,13.000000,13.090000,11.688044,2478800
2008-05-23,13.050000,13.170000,12.830000,12.860000,11.482676,1221900
2008-05-27,12.310000,12.510000,12.060000,12.100000,10.804073,1822200
2008-05-28,12.050000,12.220000,11.900000,12.160000,10.857648,1535200
2008-05-29,11.840000,12.160000,11.840000,11.930000,10.652282,2354200
2008-05-30,11.970000,11.980000,11.770000,11.900000,10.625494,970000
2008-06-02,11.730000,11.800000,11.500000,11.570000,10.330837,1379800
2008-06-03,11.670000,11.700000,11.480000,11.480000,10.250475,1300700
2008-06-04,11.490000,11.730000,11.390000,11.540000,10.304050,1851100
2008-06-05,11.510000,11.920000,11.480000,11.890000,10.616567,1221500
2008-06-06,11.780000,12.100000,11.620000,12.000000,10.714784,2531700
2008-06-09,12.030000,12.290000,11.970000,12.130000,10.830861,1045100
2008-06-10,11.640000,11.650000,11.260000,11.310000,10.098683,1858300
2008-06-11,11.150000,11.250000,11.020000,11.060000,9.875461,1833600
2008-06-12,11.000000,11.260000,10.920000,11.040000,9.857601,1919600
2008-06-13,10.850000,11.120000,10.850000,11.110000,9.920104,1096800
2008-06-16,11.250000,11.460000,11.160000,11.350000,10.134401,1104900
2008-06-17,11.240000,11.370000,11.140000,11.340000,10.125472,1013600
2008-06-18,11.110000,11.200000,10.900000,11.110000,9.920104,1342100
2008-06-19,11.420000,11.480000,11.270000,11.270000,10.062969,1504800
2008-06-20,11.240000,11.290000,10.910000,11.100000,9.911176,1952400
2008-06-23,10.810000,10.830000,10.590000,10.770000,9.616519,1535500
2008-06-24,10.620000,10.950000,10.560000,10.820000,9.661163,1496800
2008-06-25,10.760000,10.830000,10.450000,10.780000,9.625448,1679700
2008-06-26,11.180000,11.430000,11.180000,11.290000,10.080827,2059000
2008-06-27,12.040000,12.400000,11.830000,12.300000,10.982654,2680200
2008-06-30,12.230000,12.360000,11.970000,12.250000,10.938009,1766500
2008-07-01,12.030000,12.560000,11.950000,12.380000,11.054086,1374800
2008-07-02,12.400000,12.440000,12.060000,12.120000,10.821932,1040300
2008-07-03,12.160000,12.240000,11.890000,11.980000,10.696925,1285900
2008-07-07,11.570000,11.690000,11.450000,11.480000,10.250475,1816800
2008-07-08,11.470000,11.550000,11.140000,11.350000,10.134401,1581400
2008-07-09,11.400000,11.660000,11.140000,11.220000,10.018323,1148500
2008-07-10,11.270000,11.470000,11.030000,11.340000,10.125472,1482400
2008-07-11,11.630000,12.430000,11.460000,12.190000,10.884433,2877400
2008-07-14,12.140000,12.570000,12.140000,12.510000,11.170161,1493400
2008-07-15,12.650000,12.700000,12.230000,12.350000,11.027299,2507300
2008-07-16,12.370000,12.560000,12.190000,12.220000,10.911222,2438300
2008-07-17,12.370000,12.620000,12.130000,12.270000,10.955867,2268700
2008-07-18,12.120000,12.130000,11.710000,11.710000,10.455842,1675600
2008-07-21,11.870000,12.030000,11.770000,11.970000,10.687997,1628300
2008-07-22,11.730000,11.840000,11.310000,11.400000,10.179047,1963200
2008-07-23,11.110000,11.150000,10.670000,10.770000,9.616519,2493000
2008-07-24,10.690000,10.760000,10.370000,10.380000,9.268289,2150200
2008-07-25,10.400000,10.530000,10.300000,10.510000,9.384364,1106000
2008-07-28,10.500000,10.650000,10.420000,10.570000,9.437940,1642900
2008-07-29,10.580000,10.660000,10.400000,10.450000,9.330792,1221500
2008-07-30,10.340000,10.530000,10.260000,10.510000,9.384364,2021100
2008-07-31,10.820000,10.960000,10.710000,10.810000,9.652235,1500400
2008-08-01,10.420000,10.670000,10.260000,10.280000,9.178997,1943500
2008-08-04,10.020000,10.050000,9.470000,9.540000,8.518254,3014100
2008-08-05,9.440000,9.490000,9.260000,9.270000,8.277172,3259300
2008-08-06,9.320000,9.420000,9.250000,9.250000,8.259313,2630400
2008-08-07,9.320000,9.340000,9.140000,9.200000,8.214668,1353300
2008-08-08,8.480000,8.640000,8.310000,8.330000,7.437845,3032700
2008-08-11,8.280000,8.360000,7.610000,7.760000,6.928894,3759600
2008-08-12,7.620000,7.820000,7.530000,7.770000,6.937822,3061900
2008-08-13,7.860000,8.240000,7.840000,8.240000,7.357484,4191500
2008-08-14,8.220000,8.270000,7.770000,7.820000,6.982468,1856700
2008-08-15,7.580000,7.750000,7.490000,7.620000,6.803888,2106500
2008-08-18,7.750000,7.790000,7.470000,7.520000,6.714598,2093300
2008-08-19,7.290000,7.860000,7.220000,7.850000,7.009254,3947900
2008-08-20,7.880000,8.070000,7.790000,7.880000,7.036042,3977100
2008-08-21,8.160000,8.510000,7.990000,8.510000,7.598567,2633300
2008-08-22,8.290000,8.430000,8.200000,8.400000,7.500349,2612400
2008-08-25,8.380000,8.480000,8.300000,8.370000,7.473562,1703000
2008-08-26,8.140000,8.490000,8.130000,8.450000,7.544994,1399300
2008-08-27,8.640000,8.700000,8.520000,8.660000,7.732502,1115400
2008-08-28,8.930000,8.970000,8.710000,8.810000,7.866436,1649400
2008-08-29,8.790000,8.830000,8.630000,8.710000,7.777148,955300
2008-09-02,8.000000,8.140000,7.940000,7.980000,7.125331,1669400
2008-09-03,7.900000,8.080000,7.750000,7.790000,6.955680,1420300
2008-09-04,7.900000,8.000000,7.580000,7.590000,6.777102,2132400
2008-09-05,7.740000,7.820000,7.440000,7.760000,6.928894,1941800
2008-09-08,7.800000,8.120000,7.400000,7.440000,6.643167,2048400
2008-09-09,7.230000,7.240000,6.380000,6.390000,5.705622,4589200
2008-09-10,6.900000,7.000000,6.560000,6.890000,6.152072,4345500
2008-09-11,6.720000,7.080000,6.540000,6.800000,6.071711,2506200
2008-09-12,7.090000,7.930000,6.910000,7.670000,6.848532,3325300
2008-09-15,7.560000,7.910000,7.550000,7.730000,6.902107,2963200
2008-09-16,7.530000,8.240000,7.520000,8.170000,7.294982,4385900
2008-09-17,7.780000,9.570000,7.550000,9.170000,8.187881,7784100
2008-09-18,9.630000,10.000000,9.440000,9.670000,8.634333,6725000
2008-09-19,8.980000,9.720000,8.980000,9.380000,8.375390,4610900
2008-09-22,9.950000,10.590000,9.850000,10.460000,9.339720,4177100
2008-09-23,10.500000,10.540000,10.110000,10.180000,9.089708,2996800
2008-09-24,10.180000,10.410000,10.140000,10.300000,9.196856,1179600
2008-09-25,10.240000,10.540000,10.130000,10.280000,9.178997,2247800
2008-09-26,10.290000,10.770000,10.040000,10.150000,9.062921,3563500
2008-09-29,10.020000,10.230000,9.400000,9.530000,8.509326,2859800
2008-09-30,9.950000,10.100000,9.630000,9.680000,8.643259,1780600
2008-10-01,9.720000,10.040000,9.430000,9.600000,8.571827,2483300
2008-10-02,9.160000,9.200000,7.790000,7.800000,6.964610,3465000
2008-10-03,7.970000,8.440000,7.720000,8.060000,7.196764,2790900
2008-10-06,8.210000,8.320000,7.120000,7.740000,6.911036,2741600
2008-10-07,8.430000,8.620000,7.880000,7.910000,7.062828,2110900
2008-10-08,8.780000,10.810000,8.750000,10.660000,9.518300,8845900
2008-10-09,10.120000,10.160000,9.490000,9.550000,8.527183,3729200
2008-10-10,10.260000,10.390000,8.790000,9.260000,8.268241,4931000
2008-10-13,10.160000,10.160000,9.460000,10.030000,8.955773,2651500
2008-10-14,10.090000,10.430000,9.800000,10.030000,8.955773,4465700
2008-10-15,9.680000,9.900000,8.730000,9.040000,8.071805,2907300
2008-10-16,9.450000,9.530000,7.900000,8.520000,7.607498,4803600
2008-10-17,8.190000,9.260000,7.750000,7.970000,7.116402,3698900
2008-10-20,8.010000,8.340000,7.880000,8.330000,7.437845,2341200
2008-10-21,7.650000,7.780000,7.020000,7.130000,6.366368,2295900
2008-10-22,7.100000,7.170000,6.070000,6.200000,5.535971,3691700
2008-10-23,6.590000,6.740000,5.900000,6.160000,5.500256,3385100
2008-10-24,5.830000,6.760000,5.710000,6.570000,5.866344,3051800
2008-10-27,6.230000,6.780000,6.050000,6.160000,5.500256,3357700
2008-10-28,6.500000,7.540000,6.470000,7.510000,6.705669,3002600
2008-10-29,7.230000,7.830000,7.180000,7.830000,6.991396,4793400
2008-10-30,8.000000,8.000000,7.240000,7.530000,6.723527,3278300
2008-10-31,7.270000,7.640000,7.120000,7.310000,6.527089,2045400
2008-11-03,7.420000,7.680000,7.300000,7.300000,6.518160,1750700
2008-11-04,7.430000,7.780000,7.430000,7.660000,6.839603,4366000
2008-11-05,7.280000,7.510000,7.060000,7.080000,6.321723,3154600
2008-11-06,7.210000,7.440000,6.520000,6.540000,5.839557,2411400
2008-11-07,6.660000,7.010000,6.650000,6.890000,6.152072,1771500
2008-11-10,7.110000,7.180000,6.860000,7.040000,6.286007,1186900
2008-11-11,6.820000,6.900000,6.460000,6.580000,5.875273,1638400
2008-11-12,6.490000,6.570000,5.940000,6.010000,5.366321,2034100
2008-11-13,6.120000,6.640000,5.470000,6.610000,5.902061,2590800
2008-11-14,6.650000,6.830000,6.190000,6.240000,5.571688,2833600
2008-11-17,6.240000,6.480000,6.050000,6.120000,5.464539,2001000
2008-11-18,6.160000,6.410000,6.030000,6.210000,5.544900,1357500
2008-11-19,6.450000,6.820000,6.000000,6.030000,5.384179,2820600
2008-11-20,6.010000,6.120000,5.490000,5.580000,4.982374,2783400
2008-11-21,6.350000,7.230000,6.140000,7.160000,6.393153,5321600
2008-11-24,8.050000,8.590000,7.700000,8.070000,7.205693,4570900
2008-11-25,8.630000,8.700000,8.020000,8.310000,7.419989,4151500
2008-11-26,8.270000,8.770000,8.250000,8.670000,7.741431,3085900
2008-11-28,8.670000,8.720000,8.300000,8.640000,7.714645,858400
2008-12-01,8.140000,8.140000,7.220000,7.250000,6.473516,2501500
2008-12-02,7.950000,8.170000,7.560000,8.170000,7.294982,2370400
2008-12-03,8.080000,8.710000,7.990000,8.570000,7.652141,3471600
2008-12-04,8.320000,8.850000,8.230000,8.340000,7.446774,2835900
2008-12-05,8.260000,8.900000,7.870000,8.900000,7.946800,2800400
2008-12-08,9.160000,9.880000,9.120000,9.720000,8.678977,3438000
2008-12-09,9.320000,9.870000,9.260000,9.430000,8.420034,2443600
2008-12-10,9.780000,10.340000,9.770000,10.210000,9.116496,3397500
2008-12-11,10.070000,10.590000,9.660000,9.840000,8.786123,2314700
2008-12-12,9.860000,10.170000,9.770000,10.150000,9.062921,1927300
2008-12-15,9.800000,10.440000,9.730000,10.170000,9.080780,3046100
2008-12-16,9.900000,10.740000,9.900000,10.680000,9.536157,2902200
2008-12-17,10.360000,10.810000,10.180000,10.300000,9.196856,2864200
2008-12-18,10.250000,10.300000,8.970000,9.140000,8.161095,5175900
2008-12-19,8.830000,9.160000,8.560000,8.950000,7.991442,7161900
2008-12-22,9.580000,9.610000,9.040000,9.180000,8.196811,2220600
2008-12-23,9.340000,9.770000,9.200000,9.740000,8.696834,2244000
2008-12-24,9.640000,9.880000,9.380000,9.700000,8.661118,534000
2008-12-26,9.770000,10.670000,9.630000,10.420000,9.304004,1075500
2008-12-29,10.560000,10.730000,10.230000,10.460000,9.339720,1896800
2008-12-30,10.170000,10.680000,10.080000,10.420000,9.304004,1264000
2008-12-31,10.400000,11.130000,10.240000,10.970000,9.795099,1883100
2009-01-02,10.970000,11.120000,10.610000,10.690000,9.545086,1317800
2009-01-05,10.390000,10.670000,10.160000,10.400000,9.286147,2139500
2009-01-06,10.290000,11.140000,10.230000,10.840000,9.679021,2482600
2009-01-07,10.790000,10.820000,9.930000,10.110000,9.027205,2856800
2009-01-08,10.500000,10.690000,10.290000,10.360000,9.250429,2518600
2009-01-09,10.440000,10.490000,10.000000,10.080000,9.000419,3212200
2009-01-12,9.990000,10.020000,9.410000,9.490000,8.473609,2223600
2009-01-13,9.450000,9.790000,9.360000,9.550000,8.527183,2087800
2009-01-14,9.390000,9.490000,8.960000,9.120000,8.143236,2099500
2009-01-15,9.360000,9.520000,8.760000,9.400000,8.393247,2585600
2009-01-16,9.710000,10.250000,9.650000,10.230000,9.134353,4295600
2009-01-20,10.030000,10.380000,9.740000,9.850000,8.795052,3757200
2009-01-21,9.800000,10.160000,9.560000,10.140000,9.053992,2999100
2009-01-22,9.730000,10.550000,9.650000,10.380000,9.268289,2876800
2009-01-23,10.100000,11.230000,10.050000,11.110000,9.920104,5948000
2009-01-26,11.500000,11.670000,11.190000,11.320000,10.107614,4936700
2009-01-27,11.550000,11.630000,11.170000,11.320000,10.107614,2588600
2009-01-28,11.110000,11.330000,10.860000,11.280000,10.071897,2665700
2009-01-29,11.070000,11.930000,11.010000,11.850000,10.580850,4608500
2009-01-30,11.900000,12.250000,11.450000,11.800000,10.536204,4372700
2009-02-02,11.380000,11.790000,11.250000,11.510000,10.277266,3563200
2009-02-03,11.860000,11.940000,11.370000,11.600000,10.357625,2776000
2009-02-04,11.450000,11.720000,11.330000,11.570000,10.330837,3087400
2009-02-05,11.750000,11.750000,11.190000,11.490000,10.259406,3387400
2009-02-06,11.470000,12.000000,11.410000,11.970000,10.687997,2750700
2009-02-09,11.650000,11.670000,11.170000,11.310000,10.098683,2385700
2009-02-10,11.620000,11.680000,10.940000,11.090000,9.902246,2553400
2009-02-11,11.480000,12.610000,11.360000,12.380000,11.054086,6697600
2009-02-12,11.930000,12.230000,11.720000,12.200000,10.893366,3821300
2009-02-13,11.820000,12.250000,11.770000,12.020000,10.732641,3309400
2009-02-17,12.010000,12.570000,11.920000,12.550000,11.205878,7945600
2009-02-18,12.460000,13.120000,12.240000,13.060000,11.661257,6042900
2009-02-19,12.930000,12.950000,12.620000,12.730000,11.366600,6380600
2009-02-20,12.750000,13.190000,12.640000,13.050000,11.652328,6647800
2009-02-23,12.890000,13.250000,12.750000,12.880000,11.500537,5785200
2009-02-24,12.770000,12.800000,12.100000,12.190000,10.884433,7831600
2009-02-25,12.320000,12.790000,12.190000,12.360000,11.036228,4376500
2009-02-26,12.410000,12.530000,11.980000,12.410000,11.080873,4486200
2009-02-27,12.280000,12.480000,11.830000,11.980000,10.696925,4223900
2009-03-02,12.010000,12.050000,11.270000,11.300000,10.089757,4037800
2009-03-03,11.380000,11.600000,10.910000,11.420000,10.196904,3527400
2009-03-04,11.530000,11.530000,10.920000,11.040000,9.857601,3500200
2009-03-05,10.830000,11.460000,10.580000,11.340000,10.125472,5655500
2009-03-06,11.280000,11.750000,11.280000,11.410000,10.187974,3461500
2009-03-09,11.340000,11.340000,10.800000,10.980000,9.804028,3133400
2009-03-10,10.940000,10.960000,10.410000,10.470000,9.348649,3548600
2009-03-11,10.830000,11.270000,10.740000,11.070000,9.884388,3591300
2009-03-12,11.210000,11.450000,11.200000,11.420000,10.196904,3237700
2009-03-13,11.260000,11.330000,10.780000,11.080000,9.893317,4450700
2009-03-16,11.180000,11.630000,11.180000,11.460000,10.232619,3962800
2009-03-17,11.160000,11.310000,10.970000,11.210000,10.009394,2817200
2009-03-18,10.940000,11.860000,10.520000,11.800000,10.536204,5990300
2009-03-19,11.880000,12.320000,11.760000,12.150000,10.848719,6400600
2009-03-20,11.970000,12.270000,11.840000,12.120000,10.821932,3893200
2009-03-23,12.180000,12.250000,11.660000,11.750000,10.491560,3779500
2009-03-24,11.610000,11.650000,11.380000,11.450000,10.223691,3893900
2009-03-25,11.220000,11.590000,11.100000,11.530000,10.295120,4661700
2009-03-26,11.790000,11.850000,11.580000,11.660000,10.411198,2252600
2009-03-27,11.460000,11.540000,11.210000,11.350000,10.134401,2439500
2009-03-30,10.830000,11.190000,10.720000,10.890000,9.723667,3104100
2009-03-31,11.110000,11.110000,10.560000,10.940000,9.768312,4604000
2009-04-01,11.070000,11.600000,10.970000,11.540000,10.304050,4065200
2009-04-02,11.180000,11.320000,10.820000,10.940000,9.768312,5711700
2009-04-03,10.530000,10.580000,9.660000,9.770000,8.723622,7032900
2009-04-06,9.330000,9.380000,9.090000,9.240000,8.250386,4529500
2009-04-07,9.500000,9.680000,9.200000,9.340000,8.339674,4850300
2009-04-08,9.500000,9.550000,9.180000,9.300000,8.303956,3076400
2009-04-09,9.390000,9.470000,9.000000,9.070000,8.098592,3810600
2009-04-13,9.350000,9.450000,9.210000,9.320000,8.321816,2921200
2009-04-14,9.270000,9.310000,8.940000,9.000000,8.036086,3224400
2009-04-15,9.200000,9.390000,9.150000,9.260000,8.268241,3463400
2009-04-16,9.240000,9.310000,8.740000,8.760000,7.821793,2911000
2009-04-17,8.860000,8.900000,8.060000,8.170000,7.294982,6364900
2009-04-20,8.510000,8.800000,8.430000,8.470000,7.562853,4784300
2009-04-21,8.750000,8.820000,8.290000,8.500000,7.589638,3994400
2009-04-22,8.510000,8.700000,8.400000,8.540000,7.625355,2706000
2009-04-23,8.750000,9.330000,8.680000,9.100000,8.125378,4121600
2009-04-24,9.730000,9.830000,9.560000,9.760000,8.714691,3872900
2009-04-27,9.500000,9.790000,9.480000,9.600000,8.571827,2630300
2009-04-28,9.580000,9.790000,9.430000,9.660000,8.625400,3055400
2009-04-29,9.750000,9.950000,9.580000,9.750000,8.705762,1874200
2009-04-30,9.420000,9.520000,9.230000,9.320000,8.321816,2927700
2009-05-01,9.470000,9.470000,9.250000,9.330000,8.330746,1199200
2009-05-04,9.520000,9.730000,9.160000,9.400000,8.393247,5899900
2009-05-05,9.460000,9.520000,9.230000,9.450000,8.437892,3414700
2009-05-06,9.960000,10.330000,9.800000,10.220000,9.125423,3150800
2009-05-07,10.330000,10.400000,9.810000,9.980000,8.911127,3139200
2009-05-08,10.060000,10.250000,9.840000,10.120000,9.036136,2086900
2009-05-11,10.110000,10.460000,9.950000,10.400000,9.286147,2699400
2009-05-12,10.540000,10.910000,10.500000,10.900000,9.732595,3449000
2009-05-13,10.870000,11.050000,10.360000,10.430000,9.312933,3952300
2009-05-14,10.420000,10.760000,10.170000,10.610000,9.473655,2155900
2009-05-15,10.670000,10.930000,10.470000,10.630000,9.491511,3384200
2009-05-18,10.530000,10.810000,10.210000,10.600000,9.464726,2624400
2009-05-19,10.390000,10.930000,10.360000,10.680000,9.536157,2391900
2009-05-20,10.800000,11.020000,10.670000,10.760000,9.607591,5754700
2009-05-21,10.790000,11.540000,10.540000,11.420000,10.196904,5572500
2009-05-22,11.650000,11.810000,11.410000,11.560000,10.321910,2634800
2009-05-26,11.280000,11.800000,11.250000,11.690000,10.437984,2644900
2009-05-27,11.670000,11.720000,11.320000,11.370000,10.152258,2292700
2009-05-28,11.680000,11.940000,11.650000,11.910000,10.634423,2201800
2009-05-29,12.250000,12.390000,11.840000,12.100000,10.804073,3772400
2009-06-01,12.090000,12.100000,11.550000,11.600000,10.357625,3650400
2009-06-02,11.810000,12.050000,11.730000,11.990000,10.705856,2755900
2009-06-03,11.710000,11.750000,11.160000,11.390000,10.170115,2669800
2009-06-04,11.520000,11.760000,11.310000,11.630000,10.384413,2649700
2009-06-05,11.210000,11.350000,10.870000,11.010000,9.830813,2045200
2009-06-08,10.750000,10.910000,10.500000,10.910000,9.741523,2450000
2009-06-09,11.140000,11.160000,10.750000,10.760000,9.607591,1735200
2009-06-10,11.050000,11.070000,10.530000,10.700000,9.554016,1772100
2009-06-11,10.620000,11.030000,10.550000,10.750000,9.598660,1762600
2009-06-12,10.490000,10.570000,10.360000,10.480000,9.357575,2185900
2009-06-15,10.410000,10.580000,10.280000,10.440000,9.321863,2795400
2009-06-16,10.690000,10.780000,10.200000,10.410000,9.295074,2456300
2009-06-17,10.320000,10.590000,10.030000,10.540000,9.411152,2659600
2009-06-18,10.270000,10.920000,10.250000,10.630000,9.491511,4920400
2009-06-19,10.740000,11.260000,10.630000,11.200000,10.000465,6160300
2009-06-22,10.600000,10.700000,10.150000,10.170000,9.080780,4188500
2009-06-23,10.010000,10.340000,9.830000,10.240000,9.143280,3490900
2009-06-24,10.480000,10.850000,10.430000,10.650000,9.509371,2961200
2009-06-25,10.760000,11.190000,10.700000,11.170000,9.973678,2727600
2009-06-26,11.120000,11.150000,10.770000,10.810000,9.652235,1754200
2009-06-29,10.880000,10.930000,10.640000,10.750000,9.598660,1463600
2009-06-30,10.770000,10.830000,10.290000,10.320000,9.214712,1825700
2009-07-01,10.430000,10.500000,10.270000,10.350000,9.241502,3279800
2009-07-02,9.710000,9.760000,9.500000,9.660000,8.625400,3327100
2009-07-06,9.090000,9.240000,8.810000,8.980000,8.018229,5314700
2009-07-07,9.040000,9.250000,9.000000,9.000000,8.036086,2774500
2009-07-08,8.930000,9.030000,8.510000,8.680000,7.750361,2818500
2009-07-09,8.820000,8.960000,8.590000,8.610000,7.687858,2801500
2009-07-10,8.510000,8.640000,8.410000,8.500000,7.589638,2607800
2009-07-13,8.540000,8.770000,8.340000,8.760000,7.821793,3052000
2009-07-14,8.920000,9.000000,8.780000,8.850000,7.902154,2438400
2009-07-15,9.260000,9.350000,9.200000,9.260000,8.268241,1663500
2009-07-16,9.210000,9.220000,9.060000,9.200000,8.214668,1309400
2009-07-17,9.090000,9.290000,9.000000,9.200000,8.214668,1650600
2009-07-20,9.560000,9.680000,9.480000,9.560000,8.536112,3267300
2009-07-21,9.590000,9.640000,8.930000,9.240000,8.250386,3008300
2009-07-22,9.310000,9.490000,9.200000,9.340000,8.339674,2764800
2009-07-23,9.360000,9.750000,9.360000,9.520000,8.500397,2214600
2009-07-24,9.310000,9.480000,9.270000,9.400000,8.393247,1282400
2009-07-27,9.260000,9.330000,9.130000,9.190000,8.205738,1524300
2009-07-28,8.860000,8.980000,8.700000,8.910000,7.955726,2601500
2009-07-29,8.840000,8.880000,8.630000,8.660000,7.732502,2082400
2009-07-30,8.970000,9.060000,8.860000,8.870000,7.920010,1529000
2009-07-31,9.010000,9.330000,8.890000,9.260000,8.268241,1996100
2009-08-03,9.540000,9.560000,9.300000,9.340000,8.339674,1786700
2009-08-04,9.420000,9.650000,9.330000,9.490000,8.473609,2031700
2009-08-05,9.510000,9.740000,9.380000,9.620000,8.589684,2345900
2009-08-06,9.620000,9.650000,9.320000,9.470000,8.455750,1803600
2009-08-07,9.500000,9.510000,9.100000,9.170000,8.187881,2462800
2009-08-10,9.180000,9.180000,8.870000,8.990000,8.027159,1792600
2009-08-11,8.990000,9.000000,8.820000,8.930000,7.973585,1741000
2009-08-12,9.020000,9.280000,8.960000,9.130000,8.152164,1493100
2009-08-13,9.550000,9.590000,9.350000,9.490000,8.473609,1931100
2009-08-14,9.440000,9.510000,9.060000,9.110000,8.134306,1815500
2009-08-17,8.990000,9.170000,8.810000,8.990000,8.027159,3472900
2009-08-18,9.250000,9.340000,9.090000,9.140000,8.161095,2244500
2009-08-19,9.090000,9.350000,9.090000,9.260000,8.268241,2640300
2009-08-20,9.110000,9.270000,9.080000,9.230000,8.241454,1440300
2009-08-21,9.450000,9.510000,9.320000,9.380000,8.375390,2182200
2009-08-24,9.240000,9.350000,9.000000,9.050000,8.080734,2292200
2009-08-25,9.420000,9.430000,9.230000,9.370000,8.366463,2045100
2009-08-26,9.270000,9.320000,8.910000,9.060000,8.089663,3782000
2009-08-27,9.190000,9.500000,8.990000,9.380000,8.375390,2581400
2009-08-28,9.490000,9.580000,9.290000,9.370000,8.366463,2274400
2009-08-31,9.240000,9.440000,9.180000,9.400000,8.393247,1890200
2009-09-01,9.200000,9.340000,8.930000,9.030000,8.062874,2704700
2009-09-02,9.220000,10.060000,9.140000,10.010000,8.937917,6312500
2009-09-03,10.240000,10.820000,10.070000,10.510000,9.384364,7888300
2009-09-04,10.460000,10.800000,10.400000,10.680000,9.536157,3148900
2009-09-08,11.510000,11.630000,11.160000,11.260000,10.054039,7575200
2009-09-09,11.340000,11.520000,10.830000,10.980000,9.804028,5373600
2009-09-10,10.860000,11.340000,10.790000,11.210000,10.009394,4100900
2009-09-11,11.520000,11.760000,11.300000,11.430000,10.205832,4109100
2009-09-14,11.190000,11.380000,11.080000,11.190000,9.991537,3035100
2009-09-15,11.240000,11.470000,11.180000,11.380000,10.161185,6210300
2009-09-16,11.830000,11.860000,11.630000,11.750000,10.550898,5493100
2009-09-17,11.690000,11.860000,11.140000,11.290000,10.137839,4484200
2009-09-18,11.510000,11.580000,11.160000,11.370000,10.209677,6727800
2009-09-21,11.010000,11.240000,10.870000,11.110000,9.976209,3863500
2009-09-22,11.450000,11.510000,11.110000,11.260000,10.110901,3432700
2009-09-23,11.130000,11.200000,10.670000,10.700000,9.608050,3873000
2009-09-24,10.980000,10.980000,10.480000,10.610000,9.527234,3259800
2009-09-25,10.540000,10.690000,10.400000,10.510000,9.437440,3143900
2009-09-28,10.520000,10.850000,10.440000,10.510000,9.437440,2733200
2009-09-29,10.510000,10.760000,10.460000,10.660000,9.572132,2875000
2009-09-30,10.840000,10.960000,10.460000,10.940000,9.823558,6017300
2009-10-01,10.750000,10.840000,10.270000,10.370000,9.311726,6554200
2009-10-02,10.140000,10.670000,10.120000,10.230000,9.186014,6505100
2009-10-05,10.330000,10.820000,10.290000,10.770000,9.670907,3505100
2009-10-06,11.090000,11.810000,11.050000,11.750000,10.550898,6918500
2009-10-07,11.720000,11.850000,11.250000,11.640000,10.452123,7105600
2009-10-08,11.680000,12.020000,11.440000,11.810000,10.604774,5725600
2009-10-09,11.590000,11.700000,11.410000,11.630000,10.443143,2987300
2009-10-12,11.710000,11.850000,11.480000,11.620000,10.434162,2125200
2009-10-13,11.810000,12.050000,11.510000,11.980000,10.757425,3988100
2009-10-14,11.950000,11.980000,11.660000,11.750000,10.550898,3415400
2009-10-15,11.430000,11.790000,11.400000,11.520000,10.344368,3993200
2009-10-16,11.420000,11.620000,11.240000,11.520000,10.344368,4653500
2009-10-19,11.440000,11.670000,11.250000,11.590000,10.407226,2433400
2009-10-20,11.620000,11.620000,11.310000,11.520000,10.344368,2879600
2009-10-21,11.310000,11.770000,11.280000,11.420000,10.254575,4675500
2009-10-22,11.300000,11.370000,11.050000,11.170000,10.030086,3629700
2009-10-23,11.240000,11.280000,10.960000,11.030000,9.904372,4118700
2009-10-26,11.010000,11.180000,10.500000,10.550000,9.473360,4445400
2009-10-27,10.520000,10.750000,10.270000,10.580000,9.500296,2955100
2009-10-28,10.430000,10.580000,9.920000,9.940000,8.925608,3928600
2009-10-29,10.240000,10.720000,10.230000,10.360000,9.302746,3589700
2009-10-30,10.130000,10.140000,9.650000,9.960000,8.943569,5005100
2009-11-02,9.930000,10.300000,9.640000,9.830000,8.826834,5374800
2009-11-03,9.560000,10.470000,9.530000,10.370000,9.311726,8809500
2009-11-04,10.630000,10.820000,10.270000,10.510000,9.437440,6167000
2009-11-05,10.400000,10.600000,10.220000,10.500000,9.428461,3529600
2009-11-06,10.720000,10.980000,10.610000,10.690000,9.599070,3809200
2009-11-09,10.980000,11.130000,10.820000,10.900000,9.787640,4098000
2009-11-10,10.720000,10.960000,10.600000,10.940000,9.823558,2743600
2009-11-11,11.030000,11.050000,10.590000,10.790000,9.688866,3887700
2009-11-12,10.570000,10.620000,10.130000,10.260000,9.212954,4787900
2009-11-13,10.300000,10.600000,10.180000,10.550000,9.473360,3428100
2009-11-16,10.810000,11.020000,10.660000,10.970000,9.850497,3988400
2009-11-17,10.640000,10.900000,10.610000,10.900000,9.787640,2987000
2009-11-18,10.930000,10.950000,10.650000,10.730000,9.634987,2908300
2009-11-19,10.530000,10.770000,10.370000,10.770000,9.670907,3039800
2009-11-20,10.410000,10.630000,10.300000,10.590000,9.509275,2510900
2009-11-23,10.810000,10.900000,10.580000,10.750000,9.652948,3222800
2009-11-24,10.740000,10.780000,10.530000,10.700000,9.608050,3667000
2009-11-25,11.000000,11.300000,10.870000,11.300000,10.146821,3852300
2009-11-27,10.890000,11.160000,10.740000,10.890000,9.778661,2346100
2009-11-30,10.970000,11.200000,10.950000,11.100000,9.967231,3058700
2009-12-01,11.620000,11.780000,11.560000,11.680000,10.488041,3792500
2009-12-02,11.800000,11.880000,11.600000,11.690000,10.497018,3244800
2009-12-03,11.690000,11.770000,11.370000,11.430000,10.263554,3247100
2009-12-04,11.380000,11.410000,10.770000,11.120000,9.985188,5568200
2009-12-07,10.900000,10.920000,10.590000,10.660000,9.572132,6662900
2009-12-08,10.380000,10.440000,9.970000,10.090000,9.060301,6598500
2009-12-09,10.080000,10.380000,10.040000,10.330000,9.275809,4639400
2009-12-10,10.500000,10.530000,10.270000,10.370000,9.311726,2775700
2009-12-11,10.420000,10.440000,10.080000,10.190000,9.150096,3568800
2009-12-14,10.350000,10.600000,10.210000,10.600000,9.518254,3508000
2009-12-15,10.430000,10.600000,10.350000,10.420000,9.356625,3423700
2009-12-16,10.580000,10.690000,10.450000,10.470000,9.401524,2785900
2009-12-17,10.240000,10.270000,9.720000,9.730000,8.737039,7962600
2009-12-18,9.940000,10.210000,9.760000,9.920000,8.907648,14156300
2009-12-21,10.060000,10.090000,9.720000,9.810000,8.808877,4230700
2009-12-22,9.870000,10.040000,9.790000,9.830000,8.826834,3089600
2009-12-23,9.910000,10.100000,9.870000,9.990000,8.970506,2747500
2009-12-24,10.140000,10.160000,10.010000,10.010000,8.988465,697100
2009-12-28,10.210000,10.230000,10.020000,10.080000,9.051322,1716500
2009-12-29,10.140000,10.190000,9.940000,9.980000,8.961526,1712400
2009-12-30,9.960000,10.060000,9.890000,10.010000,8.988465,1961400
2009-12-31,10.090000,10.250000,10.060000,10.170000,9.132139,1201400
2010-01-04,10.430000,10.540000,10.360000,10.480000,9.410501,2242800
2010-01-05,10.620000,10.790000,10.500000,10.720000,9.626009,2922600
2010-01-06,10.780000,11.200000,10.760000,11.030000,9.904372,3484300
2010-01-07,10.800000,11.000000,10.730000,10.890000,9.778661,2409800
2010-01-08,10.850000,11.000000,10.710000,10.980000,9.859475,2533700
2010-01-11,11.070000,11.170000,10.980000,11.110000,9.976209,2107800
2010-01-12,10.710000,10.950000,10.520000,10.600000,9.518254,2895700
2010-01-13,10.610000,10.840000,10.350000,10.730000,9.634987,2200300
2010-01-14,10.500000,10.690000,10.450000,10.540000,9.464378,1852900
2010-01-15,10.340000,10.450000,10.210000,10.390000,9.329685,2207200
2010-01-19,10.290000,10.490000,10.240000,10.420000,9.356625,1866900
2010-01-20,10.160000,10.210000,9.840000,10.060000,9.033362,3646100
2010-01-21,10.030000,10.090000,9.690000,9.730000,8.737039,5298900
2010-01-22,9.640000,10.100000,9.590000,9.830000,8.826834,4443200
2010-01-25,9.990000,10.070000,9.820000,9.890000,8.880713,2336700
2010-01-26,9.700000,10.020000,9.680000,9.760000,8.763979,2074700
2010-01-27,9.690000,9.770000,9.470000,9.690000,8.701122,3170400
2010-01-28,9.850000,9.850000,9.430000,9.680000,8.692142,3061500
2010-01-29,9.580000,9.630000,9.170000,9.170000,8.234189,4641500
2010-02-01,9.400000,9.760000,9.340000,9.760000,8.763979,3480000
2010-02-02,10.000000,10.310000,9.910000,10.010000,8.988465,3846500
2010-02-03,9.870000,10.120000,9.830000,9.900000,8.889689,2408600
2010-02-04,9.600000,9.600000,9.320000,9.330000,8.377861,4710300
2010-02-05,9.330000,9.520000,8.910000,9.460000,8.494594,6284600
2010-02-08,9.300000,9.560000,9.210000,9.210000,8.270107,2450600
2010-02-09,9.380000,9.670000,9.270000,9.490000,8.521533,2845600
2010-02-10,9.420000,9.450000,9.090000,9.190000,8.252147,3479000
2010-02-11,9.180000,9.620000,9.050000,9.580000,8.602348,5968300
2010-02-12,9.210000,9.390000,9.150000,9.330000,8.377861,3263200
2010-02-16,9.570000,9.810000,9.490000,9.760000,8.763979,2742200
2010-02-17,9.630000,9.690000,9.350000,9.390000,8.431738,2595900
2010-02-18,9.380000,9.500000,9.200000,9.340000,8.386841,3769200
2010-02-19,9.180000,9.410000,9.150000,9.280000,8.332963,2290100
2010-02-22,9.200000,9.260000,9.120000,9.140000,8.207252,2635300
2010-02-23,9.040000,9.120000,8.770000,8.790000,7.892968,3477400
2010-02-24,8.840000,8.980000,8.780000,8.890000,7.982763,2663900
2010-02-25,8.780000,9.130000,8.730000,9.130000,8.198270,3500900
2010-02-26,9.050000,9.210000,8.910000,9.130000,8.198270,2351900
2010-03-01,9.230000,9.430000,9.160000,9.430000,8.467655,3200200
2010-03-02,9.600000,9.890000,9.530000,9.750000,8.754999,3723000
2010-03-03,9.930000,10.050000,9.830000,9.990000,8.970506,2341000
2010-03-04,9.960000,10.030000,9.640000,9.820000,8.817857,3146400
2010-03-05,9.790000,9.970000,9.780000,9.900000,8.889689,2212400
2010-03-08,10.020000,10.050000,9.780000,9.810000,8.808877,2112800
2010-03-09,9.710000,9.730000,9.490000,9.600000,8.620307,1818900
2010-03-10,9.720000,9.790000,9.430000,9.500000,8.530512,2595200
2010-03-11,9.410000,9.620000,9.340000,9.620000,8.638266,2192500
2010-03-12,9.710000,9.760000,9.530000,9.590000,8.611329,1893300
2010-03-15,9.580000,9.630000,9.450000,9.590000,8.611329,1158200
2010-03-16,9.720000,9.780000,9.590000,9.770000,8.772959,2127300
2010-03-17,9.770000,9.830000,9.620000,9.620000,8.638266,2148100
2010-03-18,9.770000,9.890000,9.640000,9.850000,8.844794,2824700
2010-03-19,9.560000,9.770000,9.530000,9.560000,8.584391,2733200
2010-03-22,9.460000,9.690000,9.420000,9.640000,8.656225,1707500
2010-03-23,9.570000,9.690000,9.480000,9.610000,8.629286,2518500
2010-03-24,9.440000,9.480000,9.240000,9.300000,8.350922,2847600
2010-03-25,9.360000,9.410000,9.240000,9.270000,8.323986,2479600
2010-03-26,9.390000,9.510000,9.330000,9.450000,8.485614,2147600
2010-03-29,9.550000,9.660000,9.530000,9.590000,8.611329,1697600
2010-03-30,9.630000,9.630000,9.370000,9.400000,8.440717,2338800
2010-03-31,9.450000,9.520000,9.360000,9.480000,8.512553,1794900
2010-04-01,9.520000,10.000000,9.490000,9.930000,8.916630,4093700
2010-04-05,10.050000,10.210000,9.950000,10.140000,9.105199,2448000
2010-04-06,9.980000,10.270000,9.940000,10.190000,9.150096,2516500
2010-04-07,10.140000,10.360000,10.060000,10.220000,9.177034,3402600
2010-04-08,9.960000,10.100000,9.900000,10.050000,9.024383,2616300
2010-04-09,10.130000,10.320000,10.060000,10.190000,9.150096,2649000
2010-04-12,10.060000,10.170000,9.940000,9.960000,8.943569,1901200
2010-04-13,9.900000,9.900000,9.580000,9.700000,8.710101,2506700
2010-04-14,9.810000,9.860000,9.650000,9.760000,8.763979,1978500
2010-04-15,9.700000,9.820000,9.600000,9.690000,8.701122,1727200
2010-04-16,9.570000,9.590000,9.250000,9.380000,8.422759,3540900
2010-04-19,9.250000,9.410000,9.220000,9.400000,8.440717,4665700
2010-04-20,9.450000,9.520000,9.280000,9.300000,8.350922,1822000
2010-04-21,9.300000,9.400000,9.240000,9.350000,8.395820,1892000
2010-04-22,9.220000,9.320000,9.160000,9.300000,8.350922,3680200
2010-04-23,9.310000,9.580000,9.220000,9.550000,8.575410,2111200
2010-04-26,9.630000,9.640000,9.460000,9.550000,8.575410,1611900
2010-04-27,9.430000,9.590000,9.210000,9.470000,8.503572,4428100
2010-04-28,9.400000,9.800000,9.330000,9.700000,8.710101,4416200
2010-04-29,9.570000,9.740000,9.550000,9.640000,8.656225,3382000
2010-04-30,9.760000,9.950000,9.700000,9.770000,8.772959,3306600
2010-05-03,9.820000,9.880000,9.640000,9.640000,8.656225,1813600
2010-05-04,9.700000,9.770000,9.360000,9.600000,8.620307,4519200
2010-05-05,9.300000,9.660000,9.300000,9.430000,8.467655,3785800
2010-05-06,9.360000,9.670000,9.260000,9.560000,8.584391,7241200
2010-05-07,9.700000,9.730000,9.280000,9.360000,8.404800,6050000
2010-05-10,9.560000,9.620000,9.370000,9.410000,8.449697,5002600
2010-05-11,9.830000,10.340000,9.720000,10.240000,9.194993,8503900
2010-05-12,10.470000,10.610000,10.310000,10.430000,9.365603,5541600
2010-05-13,10.470000,10.620000,10.250000,10.270000,9.221933,3139700
2010-05-14,10.410000,10.490000,9.980000,10.380000,9.320706,4279400
2010-05-17,10.440000,10.530000,10.140000,10.270000,9.221933,3273000
2010-05-18,10.150000,10.270000,10.000000,10.100000,9.069282,4403500
2010-05-19,9.810000,9.870000,9.470000,9.670000,8.683164,4026700
2010-05-20,9.390000,9.550000,9.130000,9.240000,8.297046,5044300
2010-05-21,8.920000,9.190000,8.800000,9.040000,8.117455,6102200
2010-05-24,9.300000,9.380000,9.190000,9.190000,8.252147,2824600
2010-05-25,9.300000,9.670000,9.180000,9.660000,8.674185,4747900
2010-05-26,9.720000,9.930000,9.610000,9.680000,8.692142,4526900
2010-05-27,9.690000,9.790000,9.610000,9.710000,8.719080,2917300
2010-05-28,9.610000,9.720000,9.570000,9.680000,8.692142,2808700
2010-06-01,9.900000,10.080000,9.710000,9.710000,8.719080,3791300
2010-06-02,9.820000,9.900000,9.710000,9.820000,8.817857,3127000
2010-06-03,9.940000,9.950000,9.620000,9.700000,8.710101,3691200
2010-06-04,9.550000,9.720000,9.430000,9.510000,8.539493,2928100
2010-06-07,9.600000,9.890000,9.490000,9.710000,8.719080,3798300
2010-06-08,9.930000,9.990000,9.650000,9.770000,8.772959,5762300
2010-06-09,9.830000,9.860000,9.530000,9.770000,8.772959,4111900
2010-06-10,9.700000,9.830000,9.660000,9.740000,8.746019,2570500
2010-06-11,9.620000,9.770000,9.620000,9.770000,8.772959,1504600
2010-06-14,9.770000,9.860000,9.610000,9.650000,8.665206,1593500
2010-06-15,9.870000,9.930000,9.800000,9.920000,8.907648,2383300
2010-06-16,9.790000,9.930000,9.770000,9.910000,8.898670,1493500
2010-06-17,10.070000,10.210000,9.940000,10.150000,9.114177,3898900
2010-06-18,10.300000,10.390000,10.210000,10.320000,9.266829,3759600
2010-06-21,10.410000,10.410000,10.080000,10.140000,9.105199,2255700
2010-06-22,10.280000,10.390000,10.180000,10.230000,9.186014,2394300
2010-06-23,10.270000,10.300000,10.110000,10.240000,9.194993,2602300
2010-06-24,10.170000,10.420000,10.110000,10.260000,9.212954,2211600
2010-06-25,10.350000,10.570000,10.320000,10.530000,9.455399,2220500
2010-06-28,10.450000,10.740000,10.390000,10.410000,9.347646,3005800
2010-06-29,10.300000,10.510000,10.200000,10.350000,9.293767,2200200
2010-06-30,10.420000,10.700000,10.370000,10.570000,9.491318,3211300
2010-07-01,10.410000,10.540000,10.010000,10.190000,9.150096,5166700
2010-07-02,10.220000,10.380000,10.210000,10.310000,9.257851,3117400
2010-07-06,10.570000,10.590000,10.260000,10.360000,9.302746,3339800
2010-07-07,10.520000,10.720000,10.410000,10.640000,9.554173,3084800
2010-07-08,10.640000,10.690000,10.370000,10.500000,9.428461,2244000
2010-07-09,10.540000,10.670000,10.490000,10.580000,9.500296,1856600
2010-07-12,10.560000,10.630000,10.370000,10.440000,9.374583,1458800
2010-07-13,10.620000,10.670000,10.470000,10.520000,9.446420,2806000
2010-07-14,10.610000,10.720000,10.510000,10.670000,9.581110,1883800
2010-07-15,10.700000,10.740000,10.520000,10.710000,9.617031,1414700
2010-07-16,10.460000,10.510000,10.300000,10.310000,9.257851,3092600
2010-07-19,10.280000,10.300000,9.890000,10.030000,9.006425,3293700
2010-07-20,9.830000,9.990000,9.790000,9.940000,8.925608,2541700
2010-07-21,9.930000,10.000000,9.720000,9.780000,8.781937,1963300
2010-07-22,9.950000,10.130000,9.910000,9.980000,8.961526,1823300
2010-07-23,10.060000,10.100000,9.900000,10.020000,8.997445,2373300
2010-07-26,10.070000,10.080000,9.940000,10.010000,8.988465,1254100
2010-07-27,10.000000,10.010000,9.720000,9.750000,8.754999,2239000
2010-07-28,9.720000,9.770000,9.650000,9.720000,8.728062,1577100
2010-07-29,9.760000,9.850000,9.680000,9.740000,8.746019,1358100
2010-07-30,9.810000,10.010000,9.770000,10.000000,8.979485,1403800
2010-08-02,10.080000,10.100000,9.910000,9.990000,8.970506,1253600
2010-08-03,10.220000,10.470000,10.200000,10.460000,9.392542,2478300
2010-08-04,10.560000,10.710000,10.530000,10.690000,9.599070,2272000
2010-08-05,10.740000,10.840000,10.660000,10.660000,9.572132,2877700
2010-08-06,10.840000,10.890000,10.710000,10.890000,9.778661,3371400
2010-08-09,10.690000,10.830000,10.620000,10.770000,9.670907,1615400
2010-08-10,10.600000,10.910000,10.570000,10.850000,9.742743,1895200
2010-08-11,10.960000,11.040000,10.760000,11.020000,9.895394,3687400
2010-08-12,11.050000,11.180000,10.930000,11.010000,9.886414,2539800
2010-08-13,10.830000,10.930000,10.760000,10.890000,9.778661,1571700
2010-08-16,10.570000,10.820000,10.510000,10.790000,9.688866,2536700
2010-08-17,10.480000,10.540000,10.340000,10.460000,9.392542,2940600
2010-08-18,10.190000,10.430000,10.120000,10.390000,9.329685,3437300
2010-08-19,10.340000,10.420000,10.140000,10.250000,9.203974,2222000
2010-08-20,10.100000,10.110000,9.970000,10.060000,9.033362,2003300
2010-08-23,9.920000,10.040000,9.920000,9.950000,8.934587,1939300
2010-08-24,9.880000,10.090000,9.840000,9.970000,8.952549,3353000
2010-08-25,9.950000,10.340000,9.940000,10.310000,9.257851,3524400
2010-08-26,10.130000,10.390000,10.130000,10.340000,9.284789,2109200
2010-08-27,10.230000,10.330000,10.090000,10.330000,9.275809,4085400
2010-08-30,10.210000,10.330000,10.190000,10.250000,9.203974,1464800
2010-08-31,10.320000,10.450000,10.110000,10.180000,9.141117,2030800
2010-09-01,10.290000,10.330000,10.020000,10.100000,9.069282,2611400
2010-09-02,10.290000,10.520000,10.230000,10.520000,9.446420,1994800
2010-09-03,10.440000,10.670000,10.430000,10.620000,9.536215,1573400
2010-09-07,10.730000,10.910000,10.720000,10.820000,9.715804,1947500
2010-09-08,10.830000,10.880000,10.670000,10.740000,9.643969,1747400
2010-09-09,10.930000,11.020000,10.820000,10.880000,9.769681,2518800
2010-09-10,10.890000,11.100000,10.880000,11.070000,9.940291,1508700
2010-09-13,11.180000,11.240000,11.120000,11.190000,10.048046,1821300
2010-09-14,11.380000,11.940000,11.360000,11.440000,10.272533,6081000
2010-09-15,11.430000,11.630000,11.320000,11.550000,10.434240,3354200
2010-09-16,11.670000,11.790000,11.620000,11.740000,10.605886,3415500
2010-09-17,11.560000,11.580000,11.010000,11.060000,9.991576,8152400
2010-09-20,11.100000,11.330000,11.070000,11.140000,10.063848,2291300
2010-09-21,11.170000,11.290000,10.880000,11.240000,10.154186,2762600
2010-09-22,11.270000,11.370000,11.160000,11.310000,10.217424,2348700
2010-09-23,11.430000,11.470000,11.150000,11.200000,10.118052,1711000
2010-09-24,11.390000,11.500000,11.270000,11.420000,10.316800,1751400
2010-09-27,11.500000,11.500000,11.300000,11.310000,10.217424,1035900
2010-09-28,11.280000,11.590000,11.190000,11.550000,10.434240,2430400
2010-09-29,11.390000,11.490000,11.280000,11.410000,10.307765,1689200
2010-09-30,11.310000,11.330000,11.030000,11.290000,10.199356,2241800
2010-10-01,11.210000,11.450000,11.210000,11.320000,10.226459,1913100
2010-10-04,11.190000,11.350000,11.160000,11.240000,10.154186,1423400
2010-10-05,11.530000,11.850000,11.510000,11.840000,10.696226,2378700
2010-10-06,11.680000,11.910000,11.630000,11.870000,10.723328,1790000
2010-10-07,11.700000,11.700000,11.220000,11.410000,10.307765,3649300
2010-10-08,11.330000,11.500000,11.300000,11.480000,10.371001,2026100
2010-10-11,11.350000,11.530000,11.300000,11.490000,10.380036,1521200
2010-10-12,11.410000,11.470000,11.160000,11.410000,10.307765,2124800
2010-10-13,11.500000,11.590000,11.350000,11.420000,10.316800,3386200
2010-10-14,11.350000,11.520000,11.310000,11.390000,10.289697,1484700
2010-10-15,11.320000,11.340000,11.150000,11.250000,10.163220,2077500
2010-10-18,11.180000,11.290000,11.100000,11.200000,10.118052,1135800
2010-10-19,11.010000,11.020000,10.650000,10.750000,9.711523,4236900
2010-10-20,10.830000,11.120000,10.800000,11.010000,9.946404,1910400
2010-10-21,11.060000,11.110000,10.790000,10.950000,9.892202,2343700
2010-10-22,11.120000,11.270000,10.990000,11.250000,10.163220,2035300
2010-10-25,11.420000,11.430000,11.210000,11.260000,10.172255,1579500
2010-10-26,11.020000,11.470000,10.960000,11.270000,10.181290,2737200
2010-10-27,11.090000,11.310000,10.970000,11.250000,10.163220,3662900
2010-10-28,11.310000,11.340000,11.130000,11.280000,10.190322,2348200
2010-10-29,11.440000,11.570000,11.360000,11.530000,10.416170,1301600
2010-11-01,11.340000,11.380000,11.190000,11.330000,10.235492,1469900
2010-11-02,11.380000,11.600000,11.260000,11.570000,10.452308,2244300
2010-11-03,11.530000,11.630000,11.310000,11.410000,10.307765,4405600
2010-11-04,11.720000,12.360000,11.680000,12.360000,11.165993,4335300
2010-11-05,12.290000,12.580000,12.230000,12.350000,11.156958,2573300
2010-11-08,12.290000,12.510000,12.240000,12.510000,11.301501,1280200
2010-11-09,12.630000,12.820000,11.890000,12.020000,10.858836,3940800
2010-11-10,12.340000,12.450000,11.970000,12.410000,11.211162,3170000
2010-11-11,12.430000,12.480000,12.110000,12.410000,11.211162,2359200
2010-11-12,12.250000,12.390000,11.920000,12.180000,11.003379,2425800
2010-11-15,12.060000,12.280000,11.990000,12.010000,10.849802,1503600
2010-11-16,11.750000,11.890000,11.600000,11.690000,10.560715,2399400
2010-11-17,11.590000,11.850000,11.560000,11.750000,10.614921,1642000
2010-11-18,11.870000,11.980000,11.740000,11.760000,10.623955,1366700
2010-11-19,11.710000,11.960000,11.630000,11.870000,10.723328,1390000
2010-11-22,11.770000,11.970000,11.640000,11.950000,10.795600,1134800
2010-11-23,11.820000,11.880000,11.610000,11.640000,10.515547,1932100
2010-11-24,11.700000,11.770000,11.630000,11.730000,10.596851,775300
2010-11-26,11.450000,11.500000,11.310000,11.370000,10.271629,686700
2010-11-29,11.340000,11.510000,11.210000,11.320000,10.226459,2854600
2010-11-30,11.230000,11.410000,11.170000,11.330000,10.235492,2488500
2010-12-01,11.350000,11.430000,11.210000,11.410000,10.307765,1893700
2010-12-02,11.470000,11.650000,11.430000,11.520000,10.407138,1606100
2010-12-03,11.840000,12.440000,11.840000,12.410000,11.211162,3539800
2010-12-06,12.410000,12.740000,12.400000,12.690000,11.464113,2148000
2010-12-07,12.630000,12.680000,12.090000,12.090000,10.922075,2398100
2010-12-08,12.110000,12.330000,12.010000,12.160000,10.985312,1646200
2010-12-09,12.240000,12.410000,12.170000,12.370000,11.175025,1425600
2010-12-10,12.250000,12.490000,12.070000,12.360000,11.165993,1696000
2010-12-13,12.560000,12.730000,12.470000,12.640000,11.418944,1088900
2010-12-14,12.700000,12.900000,12.650000,12.750000,11.518316,1185900
2010-12-15,12.860000,12.960000,12.460000,12.520000,11.310536,2071400
2010-12-16,12.580000,12.590000,12.040000,12.340000,11.147924,2181400
2010-12-17,12.480000,12.540000,12.330000,12.340000,11.147924,2019500
2010-12-20,12.420000,12.530000,12.260000,12.450000,11.247296,1473500
2010-12-21,12.370000,12.410000,12.090000,12.130000,10.958210,1150600
2010-12-22,12.120000,12.250000,12.080000,12.090000,10.922075,771100
2010-12-23,12.080000,12.470000,12.060000,12.330000,11.138890,771600
2010-12-27,12.310000,12.380000,12.090000,12.240000,11.057583,384400
2010-12-28,12.440000,12.500000,12.320000,12.490000,11.283433,610200
2010-12-29,12.490000,12.700000,12.430000,12.510000,11.301501,510000
2010-12-30,12.540000,12.600000,12.320000,12.380000,11.184061,754700
2010-12-31,12.380000,12.670000,12.300000,12.540000,11.328603,808300
2011-01-03,12.590000,12.680000,12.400000,12.480000,11.274400,1026800
2011-01-04,12.340000,12.340000,11.810000,12.120000,10.949177,1934700
2011-01-05,11.880000,12.100000,11.760000,11.970000,10.813666,1282500
2011-01-06,11.860000,11.940000,11.560000,11.650000,10.524580,1763300
2011-01-07,11.510000,11.930000,11.420000,11.500000,10.389071,2453500
2011-01-10,11.520000,11.570000,11.370000,11.490000,10.380036,1667800
2011-01-11,11.700000,11.700000,11.290000,11.400000,10.298733,2957300
2011-01-12,11.530000,11.600000,11.390000,11.510000,10.398105,1908200
2011-01-13,11.630000,11.650000,11.250000,11.340000,10.244527,1783400
2011-01-14,11.180000,11.330000,10.980000,11.110000,10.036745,2158200
2011-01-18,11.270000,11.460000,11.150000,11.430000,10.325833,1892100
2011-01-19,11.370000,11.510000,11.200000,11.280000,10.190322,1436300
2011-01-20,11.040000,11.230000,10.860000,11.090000,10.018679,2799800
2011-01-21,11.060000,11.160000,10.890000,10.970000,9.910271,2468500
2011-01-24,10.920000,11.100000,10.790000,10.870000,9.819931,2168900
2011-01-25,10.680000,10.770000,10.260000,10.560000,9.539877,3263100
2011-01-26,10.490000,10.830000,10.440000,10.820000,9.774760,3123500
2011-01-27,10.850000,10.880000,10.540000,10.700000,9.666352,3313900
2011-01-28,10.530000,11.210000,10.530000,10.890000,9.837998,3149200
2011-01-31,10.780000,10.940000,10.680000,10.910000,9.856064,1928900
2011-02-01,10.960000,11.030000,10.750000,11.010000,9.946404,2299100
2011-02-02,10.970000,10.990000,10.710000,10.730000,9.693453,2266600
2011-02-03,10.690000,10.980000,10.500000,10.910000,9.856064,2264200
2011-02-04,11.030000,11.100000,10.820000,10.880000,9.828964,1662900
2011-02-07,11.070000,11.160000,10.970000,11.060000,9.991576,1390400
2011-02-08,11.180000,11.350000,11.100000,11.240000,10.154186,1298600
2011-02-09,11.190000,11.230000,10.820000,10.960000,9.901236,1701100
2011-02-10,10.800000,10.850000,10.580000,10.770000,9.729590,1966300
2011-02-11,10.750000,10.880000,10.590000,10.650000,9.621182,1640200
2011-02-14,10.670000,10.790000,10.640000,10.740000,9.702489,840200
2011-02-15,10.760000,10.980000,10.760000,10.890000,9.837998,1666100
2011-02-16,10.860000,11.040000,10.750000,11.040000,9.973507,1647900
2011-02-17,11.010000,11.050000,10.890000,11.040000,9.973507,1224200
2011-02-18,11.130000,11.440000,11.070000,11.240000,10.154186,1504900
2011-02-22,11.660000,11.700000,11.350000,11.360000,10.262595,2330300
2011-02-23,11.600000,11.760000,11.510000,11.540000,10.425206,1733000
2011-02-24,11.640000,11.660000,11.420000,11.630000,10.506513,5706200
2011-02-25,11.530000,11.690000,11.520000,11.670000,10.542649,2867900
2011-02-28,11.670000,11.960000,11.630000,11.780000,10.642022,1921400
2011-03-01,11.690000,11.790000,11.640000,11.750000,10.614921,2454500
2011-03-02,11.790000,11.880000,11.730000,11.790000,10.651056,2426200
2011-03-03,11.670000,11.780000,11.610000,11.740000,10.605886,2589200
2011-03-04,11.720000,12.230000,11.720000,12.100000,10.931109,4039300
2011-03-07,12.220000,12.270000,11.980000,12.200000,11.021449,3958800
2011-03-08,11.920000,12.290000,11.770000,12.260000,11.075652,5180300
2011-03-09,12.210000,12.380000,12.180000,12.320000,11.129857,4163100
2011-03-10,11.920000,12.260000,11.860000,12.130000,10.958210,5661000
2011-03-11,12.030000,12.500000,11.990000,12.470000,11.265367,2639900
2011-03-14,12.310000,12.400000,12.190000,12.400000,11.202127,1882900
2011-03-15,11.780000,12.330000,11.730000,12.290000,11.102755,3921800
2011-03-16,12.190000,12.290000,11.850000,12.000000,10.840769,3478700
2011-03-17,12.010000,12.060000,11.790000,11.860000,10.714293,2914700
2011-03-18,11.880000,12.020000,11.730000,11.870000,10.723328,7097800
2011-03-21,12.100000,12.420000,11.990000,12.360000,11.165993,2910000
2011-03-22,12.210000,12.520000,12.190000,12.460000,11.256330,4059200
2011-03-23,12.550000,13.550000,12.550000,13.490000,12.186832,7878200
2011-03-24,14.190000,14.680000,13.950000,14.390000,12.999889,10009000
2011-03-25,14.030000,14.130000,13.640000,14.100000,12.737904,6406300
2011-03-28,13.870000,14.540000,13.800000,14.220000,12.846312,4474200
2011-03-29,14.190000,14.750000,14.170000,14.720000,13.298011,6644400
2011-03-30,15.140000,15.360000,14.890000,15.260000,13.785844,5094400
2011-03-31,15.250000,15.300000,14.520000,14.870000,13.433520,5266000
2011-04-01,14.820000,15.330000,14.790000,15.220000,13.749708,2982600
2011-04-04,15.160000,15.280000,14.750000,14.800000,13.370281,2570700
2011-04-05,14.850000,15.350000,14.710000,15.280000,13.803911,3232800
2011-04-06,15.520000,15.620000,15.250000,15.510000,14.011695,2486400
2011-04-07,15.390000,15.690000,15.240000,15.330000,13.849082,2019100
2011-04-08,15.540000,15.620000,15.400000,15.560000,14.056864,1905800
2011-04-11,15.410000,15.520000,15.020000,15.080000,13.623233,3229000
2011-04-12,15.000000,15.050000,14.750000,14.780000,13.352214,3317100
2011-04-13,14.990000,15.050000,14.650000,14.830000,13.397384,2504200
2011-04-14,14.590000,14.920000,14.570000,14.900000,13.460621,2860200
2011-04-15,14.700000,14.910000,14.570000,14.810000,13.379314,2238700
2011-04-18,14.660000,15.080000,14.420000,14.960000,13.514826,4996000
2011-04-19,14.830000,14.990000,14.590000,14.780000,13.352214,3843600
2011-04-20,14.610000,15.090000,14.610000,15.020000,13.569029,5919300
2011-04-21,15.070000,15.480000,15.050000,15.420000,13.930388,4372900
2011-04-25,15.580000,15.620000,15.210000,15.210000,13.740675,2013300
2011-04-26,15.150000,15.150000,14.700000,14.840000,13.406419,3000500
2011-04-27,15.000000,15.150000,14.560000,15.130000,13.668402,2733600
2011-04-28,14.850000,15.100000,14.620000,14.660000,13.243806,3556400
2011-04-29,14.900000,15.590000,14.860000,15.570000,14.065897,3869500
2011-05-02,15.680000,15.730000,15.070000,15.190000,13.722609,2821100
2011-05-03,15.080000,15.180000,14.410000,14.570000,13.162499,3107100
2011-05-04,14.560000,14.560000,14.030000,14.430000,13.036025,3463500
2011-05-05,13.890000,14.080000,13.550000,13.700000,12.376544,4387900
2011-05-06,13.890000,14.350000,13.840000,13.910000,12.566258,2279000
2011-05-09,13.940000,14.030000,13.810000,14.010000,12.656599,2022300
2011-05-10,13.850000,13.980000,13.750000,13.800000,12.466885,1724900
2011-05-11,13.840000,13.850000,13.320000,13.390000,12.096492,3696300
2011-05-12,13.260000,13.640000,13.170000,13.440000,12.141661,3144900
2011-05-13,13.410000,13.560000,12.940000,13.130000,11.861609,2688200
2011-05-16,13.230000,13.450000,13.080000,13.260000,11.979051,2882000
2011-05-17,13.190000,13.330000,12.960000,13.270000,11.988084,2430600
2011-05-18,13.960000,13.960000,13.220000,13.480000,12.177796,2125200
2011-05-19,13.360000,13.650000,13.340000,13.500000,12.195865,1786000
2011-05-20,13.500000,13.720000,13.200000,13.480000,12.177796,2409500
2011-05-23,13.210000,13.460000,13.190000,13.310000,12.024220,1510200
2011-05-24,13.370000,13.680000,13.370000,13.570000,12.259103,1785600
2011-05-25,13.440000,13.570000,13.320000,13.450000,12.150696,1833300
2011-05-26,13.420000,13.450000,12.960000,12.970000,11.717065,4173400
2011-05-27,13.330000,13.800000,13.300000,13.790000,12.457850,2671600
2011-05-31,13.920000,13.950000,13.710000,13.910000,12.566258,2001500
2011-06-01,13.980000,14.080000,13.750000,13.750000,12.421715,2872500
2011-06-02,13.950000,14.020000,13.680000,13.960000,12.611429,2458200
2011-06-03,14.040000,14.290000,13.930000,14.150000,12.783072,2647000
2011-06-06,14.060000,14.130000,13.490000,13.510000,12.204899,2065100
2011-06-07,13.800000,13.840000,13.530000,13.570000,12.259103,1609500
2011-06-08,13.300000,13.470000,12.860000,12.970000,11.717065,2988000
2011-06-09,13.050000,13.340000,12.910000,13.210000,11.933880,2674800
2011-06-10,13.020000,13.180000,12.880000,13.120000,11.852574,1976100
2011-06-13,13.120000,13.120000,12.620000,12.720000,11.491216,2556900
2011-06-14,12.800000,13.070000,12.770000,12.950000,11.698997,1520500
2011-06-15,12.860000,12.980000,12.520000,12.730000,11.500249,2889100
2011-06-16,12.620000,12.670000,12.190000,12.380000,11.184061,3676900
2011-06-17,12.380000,12.700000,12.240000,12.440000,11.238262,6624700
2011-06-20,12.640000,12.750000,12.520000,12.630000,11.409909,1420400
2011-06-21,12.680000,12.920000,12.640000,12.900000,11.653826,1494500
2011-06-22,12.800000,13.230000,12.760000,13.040000,11.780302,1880200
2011-06-23,12.660000,12.690000,12.050000,12.480000,11.274400,3878200
2011-06-24,12.410000,12.530000,12.230000,12.340000,11.147924,1910500
2011-06-27,12.450000,12.560000,12.330000,12.520000,11.310536,1805900
2011-06-28,12.730000,13.000000,12.700000,12.870000,11.626724,1757500
2011-06-29,13.090000,13.390000,13.000000,13.240000,11.960981,3230500
2011-06-30,13.430000,13.460000,13.120000,13.220000,11.942914,2083100
2011-07-01,13.010000,13.040000,12.650000,12.810000,11.572521,1779400
2011-07-05,12.980000,13.050000,12.730000,12.910000,11.662860,1631500
2011-07-06,13.020000,13.250000,12.940000,13.160000,11.888710,1556300
2011-07-07,13.300000,13.390000,13.190000,13.300000,12.015186,2169600
2011-07-08,13.310000,13.380000,13.040000,13.240000,11.960981,1499500
2011-07-11,13.260000,13.440000,12.910000,12.980000,11.726100,1500500
2011-07-12,12.930000,13.660000,12.850000,13.520000,12.213934,2252900
2011-07-13,13.880000,14.590000,13.860000,14.350000,12.963753,3851400
2011-07-14,14.420000,14.480000,13.900000,14.120000,12.755972,2935000
2011-07-15,14.140000,14.340000,14.100000,14.300000,12.918583,1750900
2011-07-18,14.460000,14.560000,14.250000,14.370000,12.981820,2091500
2011-07-19,14.400000,14.420000,13.850000,13.980000,12.629496,1608400
2011-07-20,14.010000,14.380000,13.940000,14.280000,12.900514,1265400
2011-07-21,14.280000,14.350000,13.990000,14.270000,12.891481,1666600
2011-07-22,14.330000,14.380000,14.150000,14.210000,12.837277,973000
2011-07-25,14.360000,14.470000,14.180000,14.200000,12.828243,1165500
2011-07-26,14.180000,14.330000,14.070000,14.200000,12.828243,1085600
2011-07-27,14.330000,14.470000,13.920000,13.950000,12.602393,2103700
2011-07-28,13.840000,14.040000,13.580000,13.950000,12.602393,1754800
2011-07-29,13.750000,13.800000,13.450000,13.580000,12.268138,1694500
2011-08-01,13.570000,13.950000,13.460000,13.900000,12.557225,1556900
2011-08-02,14.080000,15.060000,14.050000,14.870000,13.433520,4540700
2011-08-03,14.850000,15.100000,14.720000,14.770000,13.343180,4833400
2011-08-04,14.570000,14.620000,13.530000,13.640000,12.322343,4520400
2011-08-05,13.860000,13.890000,12.820000,13.140000,11.870642,4210100
2011-08-08,13.400000,13.850000,13.030000,13.050000,11.789336,5184700
2011-08-09,13.410000,13.890000,12.950000,13.750000,12.421715,4548600
2011-08-10,13.640000,14.580000,13.500000,14.460000,13.063128,4947000
2011-08-11,14.030000,14.550000,13.990000,14.450000,13.054092,3858800
2011-08-12,14.130000,14.300000,13.750000,13.950000,12.602393,3530800
2011-08-15,13.420000,13.780000,13.090000,13.640000,12.322343,4631000
2011-08-16,13.370000,13.390000,13.100000,13.120000,11.852574,2868400
2011-08-17,13.050000,13.260000,12.870000,13.020000,11.762236,3455700
2011-08-18,13.020000,13.130000,12.450000,12.520000,11.310536,2588400
2011-08-19,12.300000,12.420000,11.900000,11.960000,10.804633,6163000
2011-08-22,12.620000,13.010000,12.540000,12.910000,11.662860,4451800
2011-08-23,12.760000,13.130000,12.570000,12.800000,11.563487,3997300
2011-08-24,12.670000,12.830000,12.330000,12.660000,11.437011,2758600
2011-08-25,12.580000,12.930000,12.390000,12.820000,11.581553,2047000
2011-08-26,12.820000,13.320000,12.510000,13.260000,11.979051,2102500
2011-08-29,13.290000,13.390000,13.000000,13.020000,11.762236,2320400
2011-08-30,13.270000,13.300000,13.020000,13.260000,11.979051,1552400
2011-08-31,13.380000,13.510000,13.180000,13.370000,12.078424,1768900
2011-09-01,13.480000,13.710000,13.340000,13.570000,12.259103,3247100
2011-09-02,13.720000,14.000000,13.620000,13.790000,12.457850,2233900
2011-09-06,13.600000,14.110000,13.600000,13.940000,12.593361,3637700
2011-09-07,13.760000,14.080000,13.510000,14.060000,12.701768,2150500
2011-09-08,14.050000,14.120000,13.720000,13.850000,12.512055,2604400
2011-09-09,13.660000,13.830000,13.500000,13.660000,12.340409,2226700
2011-09-12,13.280000,13.470000,12.580000,12.870000,11.626724,2617300
2011-09-13,12.990000,13.370000,12.760000,13.350000,12.060356,2401300
2011-09-14,13.210000,13.240000,12.910000,12.950000,11.773073,2167300
2011-09-15,12.890000,12.990000,12.430000,12.730000,11.573069,3352300
2011-09-16,12.900000,13.290000,12.750000,13.140000,11.945807,4712600
2011-09-19,13.190000,13.250000,12.920000,13.140000,11.945807,3593200
2011-09-20,13.180000,13.560000,12.980000,13.420000,12.200360,4944400
2011-09-21,13.380000,13.830000,13.270000,13.280000,12.073084,4126400
2011-09-22,12.860000,12.930000,12.400000,12.640000,11.491248,3837200
2011-09-23,12.270000,12.360000,11.530000,11.840000,10.763952,3901000
2011-09-26,11.760000,12.180000,11.670000,12.100000,11.000323,3852000
2011-09-27,12.350000,12.470000,11.780000,11.880000,10.800318,3128500
2011-09-28,11.960000,12.060000,11.480000,11.500000,10.454853,3316800
2011-09-29,11.700000,11.850000,11.430000,11.650000,10.591221,2735800
2011-09-30,11.480000,12.080000,11.440000,11.730000,10.663950,3015700
2011-10-03,11.980000,12.390000,11.810000,11.820000,10.745770,3240200
2011-10-04,11.760000,11.790000,11.080000,11.560000,10.509401,3600000
2011-10-05,11.610000,12.210000,11.520000,12.180000,11.073052,3003400
2011-10-06,12.100000,12.230000,11.730000,11.980000,10.891231,3204900
2011-10-07,12.140000,12.180000,11.500000,11.750000,10.682134,3877200
2011-10-10,12.190000,12.620000,12.150000,12.620000,11.473065,3109400
2011-10-11,12.310000,12.460000,12.200000,12.380000,11.254877,2003800
2011-10-12,12.530000,12.720000,12.420000,12.580000,11.436699,2331400
2011-10-13,12.500000,12.570000,11.970000,12.110000,11.009415,2744300
2011-10-14,12.230000,12.460000,12.070000,12.460000,11.327606,1280200
2011-10-17,12.450000,12.450000,12.070000,12.170000,11.063963,1341200
2011-10-18,12.050000,12.340000,11.630000,12.300000,11.182149,2500500
2011-10-19,12.140000,12.210000,11.530000,11.590000,10.536674,2401400
2011-10-20,11.450000,11.580000,11.170000,11.340000,10.309395,1960300
2011-10-21,11.660000,11.920000,11.550000,11.870000,10.791227,1610100
2011-10-24,12.090000,12.430000,12.010000,12.420000,11.291240,2135100
2011-10-25,12.420000,13.020000,12.180000,12.820000,11.654887,2174700
2011-10-26,12.890000,13.010000,12.490000,12.830000,11.663980,1811400
2011-10-27,13.040000,13.250000,12.850000,13.070000,11.882168,2128200
2011-10-28,13.100000,13.470000,13.060000,13.290000,12.082173,1423600
2011-10-31,13.650000,13.650000,13.130000,13.130000,11.936714,1641400
2011-11-01,12.620000,13.310000,12.350000,13.130000,11.936714,3262300
2011-11-02,13.410000,13.910000,13.350000,13.580000,12.345819,2007700
2011-11-03,13.820000,13.910000,13.610000,13.780000,12.527642,2057900
2011-11-04,13.680000,13.880000,13.360000,13.840000,12.582188,1290800
2011-11-07,14.000000,14.410000,13.960000,14.370000,13.064023,2204200
2011-11-08,14.340000,14.640000,14.060000,14.370000,13.064023,2342900
2011-11-09,14.130000,14.420000,13.790000,13.810000,12.554916,3478900
2011-11-10,14.020000,14.060000,13.530000,13.700000,12.454912,1901900
2011-11-11,13.860000,14.340000,13.860000,14.180000,12.891291,1953100
2011-11-14,14.070000,14.210000,13.950000,14.040000,12.764011,1153200
2011-11-15,13.960000,14.190000,13.810000,14.150000,12.864015,1557100
2011-11-16,13.920000,14.350000,13.750000,14.010000,12.736738,2235700
2011-11-17,13.840000,13.840000,13.280000,13.370000,12.154903,2508000
2011-11-18,13.420000,13.430000,12.870000,12.900000,11.727617,2502200
2011-11-21,12.940000,13.040000,12.650000,12.950000,11.773073,2769900
2011-11-22,12.970000,13.150000,12.840000,13.020000,11.836713,1895500
2011-11-23,12.860000,12.870000,12.360000,12.600000,11.454885,1527400
2011-11-25,12.500000,12.790000,12.470000,12.510000,11.373063,943100
2011-11-28,13.010000,13.210000,12.860000,12.980000,11.800348,2081700
2011-11-29,12.900000,13.150000,12.850000,12.940000,11.763983,1094200
2011-11-30,13.850000,14.180000,13.750000,14.150000,12.864015,2999200
2011-12-01,14.170000,14.480000,14.050000,14.270000,12.973110,1680600
2011-12-02,14.400000,14.500000,13.880000,13.930000,12.664010,2403500
2011-12-05,14.070000,14.290000,13.800000,13.870000,12.609462,2396300
2011-12-06,13.780000,14.320000,13.660000,14.210000,12.918562,1668300
2011-12-07,14.160000,14.240000,13.950000,14.100000,12.818561,1466100
2011-12-08,13.830000,13.870000,13.180000,13.340000,12.127628,2513700
2011-12-09,13.460000,13.540000,13.300000,13.420000,12.200360,1553300
2011-12-12,13.090000,13.130000,12.780000,12.880000,11.709436,2148100
2011-12-13,12.930000,13.030000,12.520000,12.620000,11.473065,2440800
2011-12-14,12.320000,12.670000,11.980000,12.490000,11.354880,4304400
2011-12-15,12.520000,12.570000,11.740000,11.880000,10.800318,3750400
2011-12-16,12.030000,12.050000,11.760000,11.820000,10.745770,4058700
2011-12-19,11.930000,11.990000,11.570000,11.590000,10.536674,2319300
2011-12-20,11.970000,12.160000,11.920000,12.100000,11.000323,1883100
2011-12-21,11.960000,12.030000,11.820000,12.010000,10.918505,1589700
2011-12-22,11.990000,12.120000,11.780000,12.000000,10.909412,1456300
2011-12-23,12.100000,12.150000,11.850000,11.950000,10.863955,912700
2011-12-27,11.830000,11.900000,11.730000,11.830000,10.754862,1081000
2011-12-28,11.790000,11.830000,11.430000,11.500000,10.454853,1339000
2011-12-29,11.450000,11.600000,11.230000,11.600000,10.545765,1876000
2011-12-30,11.600000,11.720000,11.480000,11.640000,10.582130,858900
2012-01-03,12.020000,12.090000,11.890000,12.060000,10.963960,1651800
2012-01-04,11.990000,12.280000,11.760000,11.880000,10.800318,1425500
2012-01-05,11.740000,11.920000,11.630000,11.800000,10.727590,1489500
2012-01-06,12.020000,12.150000,11.910000,12.030000,10.936686,1552700
2012-01-09,12.080000,12.120000,11.880000,12.010000,10.918505,920500
2012-01-10,12.200000,12.250000,11.960000,12.000000,10.909412,1517600
2012-01-11,12.000000,12.020000,11.680000,11.870000,10.791227,1650900
2012-01-12,12.010000,12.100000,11.830000,12.050000,10.954867,1495000
2012-01-13,11.830000,11.850000,11.550000,11.750000,10.682134,1721300
2012-01-17,12.050000,12.080000,11.830000,11.910000,10.827593,2014600
2012-01-18,11.970000,12.040000,11.870000,11.980000,10.891231,1891000
2012-01-19,11.900000,11.900000,11.080000,11.300000,10.273031,4665100
2012-01-20,11.340000,11.510000,11.200000,11.440000,10.400307,2904300
2012-01-23,11.500000,11.680000,11.460000,11.630000,10.573038,1324300
2012-01-24,11.620000,11.690000,11.370000,11.430000,10.391215,2806200
2012-01-25,11.310000,12.060000,11.090000,12.020000,10.927595,4755900
2012-01-26,12.160000,12.170000,11.660000,11.820000,10.745770,3628000
2012-01-27,11.960000,12.310000,11.880000,12.170000,11.063963,2112000
2012-01-30,12.020000,12.230000,11.930000,12.110000,11.009415,2008500
2012-01-31,12.330000,12.350000,11.830000,12.060000,10.963960,1764400
2012-02-01,12.210000,12.290000,12.070000,12.260000,11.145784,1977200
2012-02-02,12.290000,12.580000,12.250000,12.490000,11.354880,1581600
2012-02-03,12.430000,12.520000,12.140000,12.410000,11.282150,3161500
2012-02-06,12.610000,12.850000,12.420000,12.620000,11.473065,2127600
2012-02-07,12.680000,12.680000,12.380000,12.460000,11.327606,2411100
2012-02-08,12.570000,12.790000,12.470000,12.560000,11.418519,2500400
2012-02-09,12.890000,13.160000,12.880000,13.110000,11.918532,3393700
2012-02-10,12.880000,12.960000,12.750000,12.900000,11.727617,1448400
2012-02-13,12.930000,12.950000,12.750000,12.800000,11.636706,891300
2012-02-14,12.660000,12.730000,12.470000,12.580000,11.436699,1903100
2012-02-15,12.640000,12.710000,12.390000,12.470000,11.336700,1506900
2012-02-16,12.270000,12.900000,12.150000,12.870000,11.700343,1943800
2012-02-17,12.820000,12.890000,12.650000,12.670000,11.518521,1317900
2012-02-21,12.820000,13.050000,12.760000,12.950000,11.773073,1159500
2012-02-22,12.830000,13.120000,12.750000,13.080000,11.891259,2105500
2012-02-23,13.120000,13.300000,12.990000,13.090000,11.900351,1275000
2012-02-24,13.230000,13.400000,13.210000,13.310000,12.100357,1379100
2012-02-27,13.110000,13.170000,12.930000,13.010000,11.827621,1069500
2012-02-28,13.100000,13.270000,12.970000,13.250000,12.045810,1090900
2012-02-29,13.260000,13.360000,12.500000,12.720000,11.563977,2348500
2012-03-01,12.740000,12.920000,12.580000,12.800000,11.636706,1137700
2012-03-02,12.520000,12.530000,12.240000,12.380000,11.254877,1532200
2012-03-05,12.210000,12.290000,11.990000,12.100000,11.000323,2100300
2012-03-06,11.870000,11.890000,11.520000,11.720000,10.654861,2062700
2012-03-07,11.920000,11.950000,11.670000,11.850000,10.821985,1390400
2012-03-08,12.000000,12.020000,11.720000,11.920000,10.885910,1058500
2012-03-09,11.890000,12.080000,11.720000,11.900000,10.867644,1666500
2012-03-12,11.860000,11.870000,11.700000,11.790000,10.767189,1692800
2012-03-13,11.710000,11.860000,11.650000,11.730000,10.712394,1362000
2012-03-14,11.480000,11.570000,11.010000,11.080000,10.118782,5056500
2012-03-15,11.190000,11.240000,11.000000,11.180000,10.210109,3539700
2012-03-16,11.120000,11.140000,10.840000,10.890000,9.945266,10438900
2012-03-19,10.910000,11.080000,10.860000,10.950000,10.000060,2199900
2012-03-20,10.750000,11.050000,10.630000,11.010000,10.054856,1652700
2012-03-21,11.000000,11.100000,10.900000,10.950000,10.000060,1584400
2012-03-22,10.830000,10.900000,10.750000,10.870000,9.927001,1215900
2012-03-23,10.920000,11.100000,10.860000,10.970000,10.018327,2087900
2012-03-26,11.220000,11.290000,11.050000,11.270000,10.292302,1948800
2012-03-27,11.300000,11.300000,11.150000,11.190000,10.219240,1852500
2012-03-28,10.980000,11.030000,10.680000,10.700000,9.771749,2634600
2012-03-29,10.590000,10.840000,10.580000,10.830000,9.890472,1503700
2012-03-30,10.870000,10.940000,10.740000,10.930000,9.981796,1542700
2012-04-02,10.890000,11.140000,10.780000,11.040000,10.082253,1312100
2012-04-03,10.970000,11.020000,10.650000,10.780000,9.844810,1676500
2012-04-04,10.330000,10.390000,10.080000,10.220000,9.333391,2134600
2012-04-05,10.330000,10.430000,10.170000,10.220000,9.333391,1204600
2012-04-09,10.190000,10.640000,10.180000,10.250000,9.360788,964800
2012-04-10,10.090000,10.230000,9.900000,10.140000,9.260331,2394900
2012-04-11,10.190000,10.220000,10.000000,10.040000,9.169004,2378600
2012-04-12,10.070000,10.380000,10.020000,10.290000,9.397319,2781300
2012-04-13,10.060000,10.060000,9.680000,9.790000,8.940693,3217600
2012-04-16,9.690000,9.800000,9.500000,9.630000,8.794576,2659400
2012-04-17,9.800000,9.930000,9.600000,9.740000,8.895031,2458900
2012-04-18,9.580000,9.670000,9.550000,9.660000,8.821971,1731800
2012-04-19,9.630000,9.740000,9.470000,9.500000,8.675853,1756400
2012-04-20,9.560000,9.620000,9.450000,9.480000,8.657586,952700
2012-04-23,9.300000,9.420000,9.230000,9.400000,8.584528,1401100
2012-04-24,9.470000,9.500000,9.280000,9.360000,8.547997,1229100
2012-04-25,9.530000,9.790000,9.420000,9.750000,8.904162,1942100
2012-04-26,9.810000,9.900000,9.670000,9.750000,8.904162,1150000
2012-04-27,9.830000,9.930000,9.760000,9.860000,9.004622,1104900
2012-04-30,9.740000,9.800000,9.610000,9.700000,8.858500,972200
2012-05-01,9.710000,9.840000,9.620000,9.760000,8.913296,905400
2012-05-02,9.680000,9.720000,9.510000,9.560000,8.730649,881300
2012-05-03,9.460000,9.490000,9.130000,9.250000,8.447539,1354900
2012-05-04,9.310000,9.590000,9.250000,9.520000,8.694118,2211400
2012-05-07,9.480000,9.590000,9.310000,9.420000,8.602793,1394700
2012-05-08,9.230000,9.250000,8.990000,9.160000,8.365349,2867000
2012-05-09,8.970000,9.640000,8.920000,9.480000,8.657586,3283800
2012-05-10,9.640000,9.770000,9.420000,9.520000,8.694118,1356000
2012-05-11,9.430000,9.630000,9.400000,9.440000,8.621057,826200
2012-05-14,9.170000,9.230000,8.930000,8.970000,8.191832,2249900
2012-05-15,8.970000,9.060000,8.660000,8.700000,7.945253,1951900
2012-05-16,8.690000,8.950000,8.640000,8.740000,7.981783,1680500
2012-05-17,8.900000,9.150000,8.860000,9.000000,8.219228,2293400
2012-05-18,9.220000,9.320000,9.050000,9.140000,8.347083,1828400
2012-05-21,9.180000,9.510000,9.160000,9.500000,8.675853,942100
2012-05-22,9.460000,9.680000,9.320000,9.420000,8.602793,1957700
2012-05-23,9.240000,9.700000,9.020000,9.700000,8.858500,2238500
2012-05-24,9.780000,9.940000,9.590000,9.770000,8.922430,2823500
2012-05-25,9.730000,9.900000,9.710000,9.800000,8.949826,1335800
2012-05-29,9.850000,9.960000,9.630000,9.690000,8.849369,1342800
2012-05-30,9.500000,9.850000,9.380000,9.760000,8.913296,2057400
2012-05-31,9.780000,10.000000,9.710000,9.860000,9.004622,2088100
2012-06-01,10.020000,10.370000,9.990000,10.330000,9.433847,2436300
2012-06-04,10.450000,10.520000,10.160000,10.520000,9.607365,2240900
2012-06-05,10.430000,10.540000,10.300000,10.480000,9.570835,1608000
2012-06-06,10.620000,10.730000,10.480000,10.620000,9.698689,3600100
2012-06-07,10.710000,10.710000,10.130000,10.140000,9.260331,3428500
2012-06-08,10.060000,10.290000,9.950000,10.240000,9.351654,2186900
2012-06-11,10.280000,10.330000,10.060000,10.180000,9.296861,2001600
2012-06-12,10.310000,10.480000,10.220000,10.440000,9.534304,2683400
2012-06-13,10.540000,10.730000,10.420000,10.540000,9.625628,3199000
2012-06-14,10.450000,10.480000,10.140000,10.240000,9.351654,3077800
2012-06-15,10.310000,10.520000,10.160000,10.280000,9.388184,9400900
2012-06-18,10.140000,10.540000,10.050000,10.480000,9.570835,2374500
2012-06-19,10.580000,10.640000,10.460000,10.550000,9.634763,1933400
2012-06-20,10.440000,10.720000,10.240000,10.480000,9.570835,2548800
2012-06-21,10.310000,10.330000,9.810000,9.810000,8.958960,2113400
2012-06-22,9.800000,9.910000,9.530000,9.640000,8.803707,1924400
2012-06-25,9.480000,9.750000,9.430000,9.720000,8.876766,2330000
2012-06-26,9.640000,9.750000,9.450000,9.490000,8.666719,1091800
2012-06-27,9.500000,9.570000,9.280000,9.390000,8.575396,1643100
2012-06-28,9.300000,9.310000,8.900000,9.100000,8.310554,1907300
2012-06-29,9.380000,9.420000,9.240000,9.400000,8.584528,1405800
2012-07-02,9.240000,9.280000,9.180000,9.220000,8.420143,1146600
2012-07-03,9.250000,9.430000,9.210000,9.400000,8.584528,991700
2012-07-05,9.540000,9.650000,9.460000,9.490000,8.666719,1493700
2012-07-06,9.350000,9.350000,9.010000,9.090000,8.301422,1484900
2012-07-09,9.060000,9.170000,8.970000,9.130000,8.337952,1238500
2012-07-10,9.320000,9.370000,8.940000,8.980000,8.200962,1696700
2012-07-11,9.060000,9.140000,8.900000,9.060000,8.274024,1678400
2012-07-12,8.940000,9.200000,8.870000,9.150000,8.356215,1912200
2012-07-13,9.200000,9.270000,9.110000,9.170000,8.374481,933600
2012-07-16,9.120000,9.220000,9.060000,9.150000,8.356215,975600
2012-07-17,9.210000,9.250000,9.030000,9.190000,8.392744,1248200
2012-07-18,9.000000,9.130000,8.920000,9.050000,8.264892,998100
2012-07-19,9.050000,9.130000,8.950000,8.990000,8.210094,1520000
2012-07-20,9.060000,9.120000,8.980000,9.070000,8.283154,772300
2012-07-23,8.840000,8.970000,8.750000,8.900000,8.127903,1114600
2012-07-24,8.920000,8.970000,8.790000,8.900000,8.127903,1067600
2012-07-25,9.140000,9.590000,9.140000,9.420000,8.602793,1419300
2012-07-26,9.510000,9.780000,9.470000,9.750000,8.904162,1690000
2012-07-27,9.980000,10.160000,9.890000,10.130000,9.251198,1712300
2012-07-30,10.060000,10.230000,10.040000,10.200000,9.315124,965800
2012-07-31,10.160000,10.180000,9.820000,9.820000,8.968092,1026800
2012-08-01,9.800000,9.990000,9.300000,9.700000,8.858500,2373400
2012-08-02,9.580000,9.980000,9.450000,9.720000,8.876766,1448000
2012-08-03,9.930000,10.110000,9.770000,9.880000,9.022887,2096000
2012-08-06,9.920000,10.090000,9.800000,9.990000,9.123343,1491100
2012-08-07,9.950000,10.040000,9.830000,9.990000,9.123343,1737300
2012-08-08,9.960000,10.100000,9.870000,9.880000,9.022887,1472600
2012-08-09,9.910000,10.200000,9.840000,10.140000,9.260331,869500
2012-08-10,10.220000,10.290000,10.070000,10.240000,9.351654,629800
2012-08-13,10.380000,10.470000,10.250000,10.300000,9.406450,1184600
2012-08-14,10.410000,10.450000,10.290000,10.340000,9.442981,1032800
2012-08-15,10.330000,10.400000,10.120000,10.280000,9.388184,1100600
2012-08-16,10.270000,10.540000,10.120000,10.260000,9.369920,2419600
2012-08-17,9.910000,9.940000,9.250000,9.360000,8.547997,3450900
2012-08-20,9.320000,9.320000,8.960000,8.990000,8.210094,3633600
2012-08-21,9.390000,9.630000,9.350000,9.530000,8.703249,2571800
2012-08-22,9.510000,9.810000,9.500000,9.810000,8.958960,1508900
2012-08-23,9.730000,9.810000,9.550000,9.720000,8.876766,2254900
2012-08-24,9.660000,9.760000,9.620000,9.700000,8.858500,1355900
2012-08-27,9.710000,9.790000,9.520000,9.520000,8.694118,1793300
2012-08-28,9.610000,9.610000,9.310000,9.420000,8.602793,1835400
2012-08-29,9.050000,9.120000,8.930000,8.940000,8.164433,2148300
2012-08-30,8.590000,8.660000,8.420000,8.430000,7.698678,3446500
2012-08-31,8.100000,8.580000,8.080000,8.540000,7.799134,4056000
2012-09-04,8.320000,8.330000,8.110000,8.210000,7.497763,2865800
2012-09-05,8.230000,8.300000,8.130000,8.240000,7.525160,2108200
2012-09-06,8.360000,8.660000,8.310000,8.660000,7.908723,2753600
2012-09-07,8.840000,9.040000,8.740000,9.020000,8.237493,2077600
2012-09-10,8.850000,8.910000,8.670000,8.680000,7.926990,1647500
2012-09-11,8.480000,8.770000,8.470000,8.670000,7.917856,1376900
2012-09-12,8.420000,8.550000,8.210000,8.390000,7.716438,3106300
2012-09-13,8.230000,8.890000,8.190000,8.890000,8.176296,3762200
2012-09-14,8.900000,9.170000,8.880000,9.080000,8.351044,3221000
2012-09-17,9.100000,9.160000,8.940000,9.130000,8.397030,2885100
2012-09-18,9.090000,9.610000,9.050000,9.490000,8.728127,4758800
2012-09-19,9.430000,9.610000,9.370000,9.480000,8.718930,3137400
2012-09-20,9.360000,9.660000,9.300000,9.460000,8.700538,3928500
2012-09-21,9.380000,9.440000,9.050000,9.290000,8.544185,13279400
2012-09-24,9.150000,9.280000,9.020000,9.020000,8.295861,2632100
2012-09-25,8.930000,9.000000,8.430000,8.440000,7.762424,4471100
2012-09-26,8.280000,8.580000,8.210000,8.490000,7.808410,3035300
2012-09-27,8.390000,8.600000,8.350000,8.590000,7.900382,3015700
2012-09-28,8.480000,8.540000,8.410000,8.410000,7.734833,1470200
2012-10-01,8.490000,8.500000,8.360000,8.400000,7.725635,1438000
2012-10-02,8.410000,8.430000,8.270000,8.350000,7.679649,1851400
2012-10-03,8.180000,8.200000,7.890000,7.900000,7.265776,2388600
2012-10-04,7.950000,8.180000,7.900000,8.100000,7.449719,4056000
2012-10-05,7.930000,8.020000,7.800000,7.850000,7.219790,4491200
2012-10-08,7.790000,8.000000,7.760000,7.960000,7.320959,1805300
2012-10-09,8.000000,8.060000,7.870000,7.870000,7.238183,1725500
2012-10-10,7.920000,8.110000,7.870000,8.080000,7.431325,2434500
2012-10-11,8.110000,8.280000,8.000000,8.150000,7.495706,1838700
2012-10-12,8.160000,8.270000,8.030000,8.050000,7.403734,3217000
2012-10-15,8.000000,8.100000,7.940000,8.090000,7.440523,1744000
2012-10-16,8.110000,8.140000,8.000000,8.130000,7.477312,2291400
2012-10-17,8.210000,8.330000,8.100000,8.290000,7.624465,1499000
2012-10-18,8.100000,8.120000,7.960000,7.990000,7.348550,2377600
2012-10-19,8.040000,8.240000,7.850000,8.140000,7.486508,3427900
2012-10-22,8.130000,8.270000,8.100000,8.230000,7.569282,1773900
2012-10-23,7.980000,8.050000,7.850000,8.030000,7.385339,3301900
2012-10-24,8.110000,8.170000,8.030000,8.050000,7.403734,2625500
2012-10-25,8.230000,8.340000,8.160000,8.300000,7.633663,2381500
2012-10-26,8.320000,8.350000,8.150000,8.210000,7.550889,1695300
2012-10-31,8.300000,8.320000,8.150000,8.300000,7.633663,2157600
2012-11-01,8.260000,8.260000,8.100000,8.150000,7.495706,1909100
2012-11-02,8.080000,8.080000,7.910000,7.920000,7.284170,2097300
2012-11-05,7.960000,8.020000,7.770000,7.780000,7.155410,1436400
2012-11-06,7.900000,8.070000,7.820000,8.060000,7.412932,2278200
2012-11-07,8.340000,8.800000,8.300000,8.710000,8.010749,5354000
2012-11-08,8.540000,8.690000,8.460000,8.580000,7.891184,3892500
2012-11-09,8.560000,8.640000,8.410000,8.420000,7.744030,2310000
2012-11-12,8.400000,8.410000,8.270000,8.280000,7.615269,1880300
2012-11-13,8.090000,8.190000,8.050000,8.080000,7.431325,1904300
2012-11-14,8.040000,8.050000,7.770000,7.770000,7.146212,2727600
2012-11-15,7.760000,7.790000,7.510000,7.560000,6.953072,3447300
2012-11-16,7.620000,7.740000,7.470000,7.730000,7.109424,2450100
2012-11-19,7.930000,7.980000,7.810000,7.950000,7.311762,1930400
2012-11-20,7.900000,7.930000,7.790000,7.830000,7.201396,1466800
2012-11-21,7.810000,7.960000,7.760000,7.890000,7.256579,1193000
2012-11-23,7.930000,8.200000,7.930000,8.150000,7.495706,1520500
2012-11-26,8.140000,8.230000,8.050000,8.230000,7.569282,1573100
2012-11-27,8.110000,8.130000,7.900000,7.910000,7.274973,1812600
2012-11-28,7.730000,7.880000,7.580000,7.880000,7.247382,2091100
2012-11-29,8.000000,8.040000,7.810000,7.980000,7.339354,2194200
2012-11-30,7.950000,8.020000,7.740000,7.810000,7.183001,1574800
2012-12-03,7.790000,7.820000,7.650000,7.680000,7.063438,1763000
2012-12-04,7.550000,7.770000,7.500000,7.670000,7.054241,2009100
2012-12-05,7.620000,7.670000,7.460000,7.500000,6.897889,3055000
2012-12-06,7.520000,7.670000,7.470000,7.570000,6.962269,2238200
2012-12-07,7.680000,7.780000,7.650000,7.760000,7.137016,2002300
2012-12-10,7.940000,8.130000,7.910000,8.080000,7.431325,2732500
2012-12-11,8.020000,8.140000,7.950000,7.970000,7.330156,2664200
2012-12-12,8.080000,8.410000,8.020000,8.350000,7.679649,2878800
2012-12-13,8.150000,8.270000,8.110000,8.190000,7.532494,2541600
2012-12-14,8.120000,8.350000,8.040000,8.230000,7.569282,2198800
2012-12-17,8.230000,8.340000,8.180000,8.320000,7.652057,1894500
2012-12-18,8.330000,8.350000,7.990000,8.150000,7.495706,2623900
2012-12-19,8.160000,8.240000,8.060000,8.230000,7.569282,2103600
2012-12-20,8.170000,8.410000,8.100000,8.400000,7.725635,2775800
2012-12-21,8.170000,8.350000,8.160000,8.290000,7.624465,8118900
2012-12-24,8.290000,8.370000,8.210000,8.360000,7.688845,961000
2012-12-26,8.390000,8.400000,8.290000,8.400000,7.725635,1073300
2012-12-27,8.450000,8.800000,8.400000,8.640000,7.946367,3261200
2012-12-28,8.590000,8.720000,8.540000,8.630000,7.937169,1782400
2012-12-31,8.710000,9.010000,8.590000,8.960000,8.240678,2066600
2013-01-02,8.940000,9.010000,8.820000,8.880000,8.167100,1780800
2013-01-03,8.730000,8.820000,8.410000,8.420000,7.744030,2131300
2013-01-04,8.370000,8.480000,8.240000,8.470000,7.790015,2227600
2013-01-07,8.060000,8.140000,7.970000,8.000000,7.357748,2906800
2013-01-08,7.930000,7.930000,7.810000,7.860000,7.228987,1977900
2013-01-09,7.740000,7.830000,7.680000,7.710000,7.091030,2024700
2013-01-10,7.740000,7.820000,7.700000,7.780000,7.155410,2830200
2013-01-11,7.740000,7.770000,7.650000,7.730000,7.109424,1778700
2013-01-14,7.720000,7.740000,7.580000,7.590000,6.980663,1479800
2013-01-15,7.600000,7.700000,7.550000,7.580000,6.971467,2193100
2013-01-16,7.530000,7.600000,7.460000,7.540000,6.934677,1413300
2013-01-17,7.540000,7.660000,7.470000,7.550000,6.943874,1656200
2013-01-18,7.570000,7.700000,7.540000,7.640000,7.026649,1297400
2013-01-22,7.710000,7.720000,7.560000,7.680000,7.063438,2273100
2013-01-23,7.720000,7.740000,7.500000,7.510000,6.907086,2079900
2013-01-24,7.570000,7.570000,7.180000,7.220000,6.640367,3622900
2013-01-25,7.210000,7.250000,6.930000,6.980000,6.419635,3499400
2013-01-28,6.940000,6.980000,6.720000,6.760000,6.217297,2862900
2013-01-29,6.790000,6.920000,6.740000,6.880000,6.327663,2794400
2013-01-30,7.000000,7.090000,6.680000,6.720000,6.180508,3860400
2013-01-31,6.700000,6.750000,6.440000,6.460000,5.941381,4367600
2013-02-01,6.560000,6.600000,6.410000,6.560000,6.033353,5523800
2013-02-04,6.810000,7.220000,6.750000,7.050000,6.484015,3945200
2013-02-05,7.200000,7.220000,6.990000,7.060000,6.493212,2974100
2013-02-06,7.120000,7.180000,7.050000,7.150000,6.575988,1762600
2013-02-07,7.110000,7.310000,7.100000,7.220000,6.640367,1969300
2013-02-08,7.210000,7.240000,7.090000,7.090000,6.520804,1520300
2013-02-11,7.130000,7.130000,6.970000,7.020000,6.456424,1744400
2013-02-12,7.000000,7.110000,6.920000,7.090000,6.520804,1376100
2013-02-13,7.090000,7.200000,6.960000,6.990000,6.428833,1586300
2013-02-14,7.150000,7.210000,6.980000,7.100000,6.530002,1612200
2013-02-15,6.930000,7.000000,6.770000,6.790000,6.244888,3210800
2013-02-19,6.640000,6.720000,6.560000,6.630000,6.097733,2344100
2013-02-20,6.550000,6.610000,6.230000,6.250000,5.748240,3050600
2013-02-21,6.330000,6.540000,6.290000,6.410000,5.895395,2879300
2013-02-22,6.480000,6.500000,6.320000,6.420000,5.904592,2181400
2013-02-25,6.520000,6.600000,6.470000,6.500000,5.978170,2292700
2013-02-26,6.540000,6.570000,6.420000,6.500000,5.978170,2873500
2013-02-27,6.420000,6.420000,6.240000,6.280000,5.775832,2464000
2013-02-28,6.270000,6.320000,6.130000,6.180000,5.683860,2217100
2013-03-01,6.210000,6.280000,6.130000,6.140000,5.647071,1629600
2013-03-04,6.160000,6.190000,5.900000,5.940000,5.463128,2784700
2013-03-05,6.070000,6.140000,5.950000,5.970000,5.490719,2707900
2013-03-06,5.890000,6.170000,5.820000,6.100000,5.663406,4468500
2013-03-07,6.240000,6.320000,6.130000,6.170000,5.728396,2585800
2013-03-08,6.100000,6.340000,6.010000,6.270000,5.821239,2785500
2013-03-11,6.260000,6.480000,6.240000,6.440000,5.979072,2307700
2013-03-12,6.500000,6.650000,6.480000,6.560000,6.090483,2289300
2013-03-13,6.530000,6.540000,6.290000,6.290000,5.839807,2285200
2013-03-14,6.310000,6.480000,6.250000,6.430000,5.969787,1803200
2013-03-15,6.430000,6.560000,6.390000,6.560000,6.090483,6144800
2013-03-18,6.670000,6.730000,6.500000,6.530000,6.062631,1830500
2013-03-19,6.500000,6.620000,6.450000,6.520000,6.053347,1680900
2013-03-20,6.500000,6.550000,6.410000,6.490000,6.025494,1252700
2013-03-21,6.530000,6.630000,6.490000,6.620000,6.146189,1740500
2013-03-22,6.510000,6.560000,6.380000,6.390000,5.932651,1473000
2013-03-25,6.360000,6.360000,6.200000,6.290000,5.839807,1971000
2013-03-26,6.220000,6.260000,6.080000,6.190000,5.746965,2191600
2013-03-27,6.200000,6.420000,6.160000,6.400000,5.941935,1720700
2013-03-28,6.410000,6.420000,6.340000,6.410000,5.951220,1052900
2013-04-01,6.420000,6.420000,6.250000,6.380000,5.923367,1605100
2013-04-02,6.390000,6.430000,6.110000,6.120000,5.681975,1655900
2013-04-03,6.000000,6.090000,5.710000,5.750000,5.338458,2957100
2013-04-04,5.690000,6.100000,5.600000,6.040000,5.607701,3856800
2013-04-05,6.100000,6.300000,6.000000,6.060000,5.626270,4434300
2013-04-08,6.040000,6.100000,5.950000,6.000000,5.570564,2039300
2013-04-09,6.030000,6.330000,5.970000,6.280000,5.830524,2503300
2013-04-10,6.250000,6.300000,6.090000,6.170000,5.728396,2444500
2013-04-11,6.150000,6.230000,5.990000,6.000000,5.570564,1479300
2013-04-12,5.890000,5.900000,5.490000,5.500000,5.106350,6698500
2013-04-15,5.040000,5.150000,4.940000,4.990000,4.632852,7457200
2013-04-16,5.180000,5.200000,4.970000,5.000000,4.642136,5691600
2013-04-17,4.950000,5.020000,4.590000,4.620000,4.289334,5466500
2013-04-18,4.660000,4.740000,4.570000,4.640000,4.307903,3504700
2013-04-19,4.760000,4.900000,4.720000,4.900000,4.549294,2871100
2013-04-22,4.990000,4.990000,4.790000,4.860000,4.512157,1904300
2013-04-23,4.830000,4.850000,4.620000,4.620000,4.289334,3327700
2013-04-24,4.760000,5.290000,4.730000,5.230000,4.855675,5520400
2013-04-25,5.130000,5.150000,4.700000,4.900000,4.549294,5054900
2013-04-26,4.890000,4.900000,4.650000,4.710000,4.372892,1991300
2013-04-29,4.890000,4.990000,4.860000,4.900000,4.549294,2581700
2013-04-30,4.910000,5.130000,4.790000,5.130000,4.762832,2509900
2013-05-01,4.950000,5.050000,4.840000,4.950000,4.595716,3458900
2013-05-02,4.840000,4.880000,4.730000,4.780000,4.437883,2525100
2013-05-03,4.340000,4.460000,4.310000,4.320000,4.010806,5545400
2013-05-06,4.430000,4.750000,4.390000,4.730000,4.391461,2973300
2013-05-07,4.590000,4.650000,4.430000,4.470000,4.150070,2872100
2013-05-08,4.640000,4.820000,4.560000,4.810000,4.465736,3019000
2013-05-09,4.720000,4.920000,4.670000,4.670000,4.335755,1842700
2013-05-10,4.560000,4.650000,4.410000,4.620000,4.289334,2592100
2013-05-13,4.480000,4.550000,4.470000,4.480000,4.159354,1195800
2013-05-14,4.430000,4.570000,4.380000,4.390000,4.075796,1452800
2013-05-15,4.290000,4.350000,4.090000,4.110000,3.815837,3256900
2013-05-16,4.050000,4.220000,4.000000,4.080000,3.787983,3051100
2013-05-17,3.980000,4.010000,3.750000,3.760000,3.490887,3915000
2013-05-20,3.720000,3.850000,3.630000,3.820000,3.546592,8028600
2013-05-21,3.710000,3.780000,3.630000,3.710000,3.444465,3340400
2013-05-22,3.780000,3.900000,3.680000,3.780000,3.509455,3464100
2013-05-23,3.850000,3.870000,3.800000,3.810000,3.537308,1761000
2013-05-24,3.790000,3.840000,3.700000,3.720000,3.453749,1617600
2013-05-28,3.690000,3.790000,3.630000,3.670000,3.407328,1541700
2013-05-29,3.680000,3.820000,3.610000,3.790000,3.518740,3026200
2013-05-30,4.010000,4.250000,4.010000,4.140000,3.843689,6354900
2013-05-31,4.180000,4.200000,4.100000,4.180000,3.880826,3083700
2013-06-03,4.210000,4.420000,4.130000,4.350000,4.038658,3076000
2013-06-04,4.290000,4.300000,4.040000,4.130000,3.834405,4487500
2013-06-05,4.100000,4.280000,4.090000,4.210000,3.908679,1761900
2013-06-06,4.200000,4.360000,4.160000,4.340000,4.029375,2338100
2013-06-07,4.180000,4.230000,4.020000,4.080000,3.787983,2663100
2013-06-10,4.030000,4.090000,3.970000,4.030000,3.741562,1464900
2013-06-11,3.900000,4.010000,3.900000,3.920000,3.639435,2140300
2013-06-12,3.920000,4.000000,3.890000,3.910000,3.630151,1317800
2013-06-13,3.880000,3.920000,3.800000,3.900000,3.620867,1988400
2013-06-14,3.920000,3.980000,3.810000,3.830000,3.555877,2481400
2013-06-17,3.830000,3.880000,3.690000,3.750000,3.481603,2339700
2013-06-18,3.770000,3.810000,3.640000,3.650000,3.388760,2222300
2013-06-19,3.780000,3.780000,3.580000,3.600000,3.342339,2611900
2013-06-20,3.500000,3.590000,3.380000,3.440000,3.193790,5793800
2013-06-21,3.520000,3.690000,3.440000,3.530000,3.277348,10109600
2013-06-24,3.460000,3.490000,3.290000,3.330000,3.091663,5153500
2013-06-25,3.370000,3.610000,3.330000,3.530000,3.277348,3497300
2013-06-26,3.410000,3.440000,3.300000,3.300000,3.063810,3653100
2013-06-27,3.400000,3.550000,3.330000,3.530000,3.277348,3792600
2013-06-28,3.440000,3.840000,3.410000,3.810000,3.537308,4238600
2013-07-01,3.710000,3.850000,3.650000,3.790000,3.518740,3091500
2013-07-02,3.800000,3.840000,3.600000,3.640000,3.379476,2383700
2013-07-03,3.730000,3.740000,3.610000,3.710000,3.444465,1599300
2013-07-05,3.560000,3.600000,3.420000,3.570000,3.314485,2891000
2013-07-08,3.540000,3.550000,3.390000,3.390000,3.147369,1833400
2013-07-09,3.470000,3.510000,3.390000,3.450000,3.203074,1365600
2013-07-10,3.450000,3.540000,3.410000,3.430000,3.184506,1552700
2013-07-11,3.590000,3.650000,3.510000,3.650000,3.388760,3687900
2013-07-12,3.540000,3.560000,3.420000,3.490000,3.240211,2635100
2013-07-15,3.430000,3.500000,3.420000,3.470000,3.221643,1462900
2013-07-16,3.480000,3.640000,3.460000,3.640000,3.379476,3071400
2013-07-17,3.600000,3.680000,3.440000,3.440000,3.193790,2723000
2013-07-18,3.480000,3.490000,3.400000,3.420000,3.175222,1810500
2013-07-19,3.490000,3.680000,3.480000,3.660000,3.398045,2243800
2013-07-22,3.820000,3.950000,3.800000,3.850000,3.574445,4133600
2013-07-23,3.860000,4.020000,3.790000,3.990000,3.704425,3247800
2013-07-24,4.000000,4.090000,3.690000,3.810000,3.537308,3333800
2013-07-25,3.770000,3.980000,3.770000,3.970000,3.685856,2742700
2013-07-26,3.850000,3.930000,3.710000,3.930000,3.648720,2904200
2013-07-29,3.940000,3.960000,3.830000,3.850000,3.574445,1629600
2013-07-30,3.850000,3.860000,3.760000,3.820000,3.546592,1291100
2013-07-31,3.790000,3.950000,3.650000,3.850000,3.574445,3099600
2013-08-01,3.930000,3.950000,3.670000,3.670000,3.407328,2314200
2013-08-02,3.700000,3.710000,3.500000,3.500000,3.249496,2841500
2013-08-05,3.630000,3.730000,3.570000,3.570000,3.314485,2130200
2013-08-06,3.510000,3.530000,3.300000,3.300000,3.063810,3481500
2013-08-07,3.340000,3.440000,3.300000,3.300000,3.063810,2371800
2013-08-08,3.320000,3.600000,3.300000,3.590000,3.333054,4805400
2013-08-09,3.570000,3.830000,3.500000,3.730000,3.463034,3134800
2013-08-12,3.880000,4.140000,3.880000,4.100000,3.806552,5179400
2013-08-13,3.880000,3.940000,3.760000,3.770000,3.500171,4212200
2013-08-14,3.780000,4.140000,3.770000,4.140000,3.843689,4849400
2013-08-15,3.980000,4.350000,3.880000,4.330000,4.020090,6398700
2013-08-16,4.300000,4.320000,4.050000,4.070000,3.778699,5299100
2013-08-19,4.040000,4.050000,3.880000,3.910000,3.630151,2820500
2013-08-20,3.980000,4.220000,3.970000,4.150000,3.852973,3215200
2013-08-21,4.060000,4.080000,3.810000,3.830000,3.555877,4402200
2013-08-22,3.880000,3.970000,3.850000,3.910000,3.630151,2666900
2013-08-23,3.890000,4.090000,3.890000,4.010000,3.722994,3098200
2013-08-26,4.030000,4.050000,3.890000,3.940000,3.658004,2750900
2013-08-27,4.130000,4.160000,3.830000,3.860000,3.583730,5256400
2013-08-28,3.980000,3.980000,3.640000,3.670000,3.407328,6233500
2013-08-29,3.710000,3.740000,3.530000,3.630000,3.370191,6581500
2013-08-30,3.700000,3.780000,3.600000,3.620000,3.360907,3836800
2013-09-03,3.740000,3.750000,3.580000,3.610000,3.351622,3764100
2013-09-04,3.740000,4.000000,3.680000,3.990000,3.704425,5686000
2013-09-05,3.960000,3.960000,3.830000,3.880000,3.602298,3407700
2013-09-06,3.890000,3.950000,3.810000,3.890000,3.611582,2759100
2013-09-09,4.020000,4.070000,3.960000,3.970000,3.685856,3077000
2013-09-10,3.870000,3.940000,3.830000,3.840000,3.565161,3597000
2013-09-11,3.870000,3.980000,3.820000,3.880000,3.602298,3456200
2013-09-12,3.770000,3.960000,3.650000,3.670000,3.407328,5325100
2013-09-13,3.640000,3.690000,3.550000,3.650000,3.388760,3860900
2013-09-16,3.660000,3.710000,3.500000,3.510000,3.258780,3485500
2013-09-17,3.630000,3.630000,3.520000,3.610000,3.351622,3220300
2013-09-18,3.580000,4.270000,3.530000,4.120000,3.825121,8256200
2013-09-19,3.980000,4.000000,3.700000,3.790000,3.518740,7956700
2013-09-20,3.730000,3.830000,3.540000,3.570000,3.314485,22475900
2013-09-23,3.620000,3.690000,3.500000,3.500000,3.249496,3954100
2013-09-24,3.480000,3.530000,3.390000,3.440000,3.193790,4656500
2013-09-25,3.490000,3.610000,3.470000,3.520000,3.268064,4214500
2013-09-26,3.520000,3.560000,3.380000,3.430000,3.184506,3227400
2013-09-27,3.480000,3.510000,3.390000,3.440000,3.193790,2977500
2013-09-30,3.440000,3.460000,3.380000,3.380000,3.138084,2678800
2013-10-01,3.330000,3.360000,3.270000,3.300000,3.063810,2389900
2013-10-02,3.320000,3.360000,3.260000,3.280000,3.045242,4170000
2013-10-03,3.290000,3.300000,3.200000,3.220000,2.989536,3135800
2013-10-04,3.240000,3.270000,3.210000,3.260000,3.026673,2087100
2013-10-07,3.300000,3.330000,3.220000,3.330000,3.091663,2763600
2013-10-08,3.320000,3.330000,3.150000,3.200000,2.970968,3075000
2013-10-09,3.160000,3.290000,3.070000,3.230000,2.998820,3133700
2013-10-10,3.230000,3.230000,3.120000,3.140000,2.915262,3563800
2013-10-11,3.100000,3.150000,3.060000,3.060000,2.840987,2826500
2013-10-14,3.140000,3.190000,3.090000,3.140000,2.915262,2090900
2013-10-15,3.130000,3.270000,3.110000,3.260000,3.026673,4138200
2013-10-16,3.270000,3.350000,3.200000,3.230000,2.998820,2144100
2013-10-17,3.330000,3.450000,3.280000,3.360000,3.119516,3683500
2013-10-18,3.350000,3.390000,3.280000,3.320000,3.082379,1734000
2013-10-21,3.320000,3.430000,3.300000,3.400000,3.156653,1210600
2013-10-22,3.430000,3.600000,3.420000,3.570000,3.314485,3917600
2013-10-23,3.540000,3.690000,3.470000,3.490000,3.240211,5086200
2013-10-24,3.560000,3.630000,3.540000,3.610000,3.351622,2683400
2013-10-25,3.570000,3.670000,3.490000,3.630000,3.370191,2475600
2013-10-28,3.640000,3.690000,3.610000,3.670000,3.407328,1880300
2013-10-29,3.670000,3.690000,3.480000,3.510000,3.258780,2480000
2013-10-30,3.560000,3.590000,3.370000,3.540000,3.286632,3010200
2013-10-31,3.410000,3.460000,3.380000,3.400000,3.156653,4367600
2013-11-01,3.350000,3.370000,3.240000,3.250000,3.017389,3410800
2013-11-04,3.310000,3.360000,3.270000,3.330000,3.091663,3479400
2013-11-05,3.300000,3.320000,3.210000,3.250000,3.017389,2593500
2013-11-06,3.330000,3.330000,3.260000,3.320000,3.082379,2233300
2013-11-07,3.310000,3.330000,3.190000,3.210000,2.980251,2098100
2013-11-08,3.180000,3.290000,3.160000,3.280000,3.045242,2206200
2013-11-11,3.180000,3.260000,3.160000,3.240000,3.008104,1416900
2013-11-12,3.160000,3.250000,3.130000,3.140000,2.915262,2348800
2013-11-13,3.170000,3.190000,3.120000,3.130000,2.905978,1170000
2013-11-14,3.170000,3.280000,3.150000,3.260000,3.026673,1805800
2013-11-15,3.230000,3.270000,3.130000,3.130000,2.905978,1582800
2013-11-18,3.130000,3.180000,3.070000,3.090000,2.868840,1489000
2013-11-19,3.080000,3.120000,3.050000,3.060000,2.840987,1491800
2013-11-20,3.050000,3.120000,3.000000,3.020000,2.803850,3083100
2013-11-21,3.000000,3.020000,2.890000,2.980000,2.766713,3050200
2013-11-22,3.000000,3.090000,2.950000,2.970000,2.757429,2766500
2013-11-25,2.920000,2.930000,2.770000,2.900000,2.692440,2811900
2013-11-26,2.820000,2.900000,2.730000,2.760000,2.562459,2823300
2013-11-27,2.800000,2.840000,2.770000,2.800000,2.599597,1421600
2013-11-29,2.860000,2.900000,2.830000,2.850000,2.646018,991900
2013-12-02,2.790000,2.820000,2.690000,2.710000,2.516038,2966400
2013-12-03,2.660000,2.690000,2.610000,2.610000,2.423196,2885200
2013-12-04,2.600000,2.710000,2.530000,2.630000,2.441764,9221700
2013-12-05,2.510000,2.580000,2.510000,2.520000,2.339637,3602800
2013-12-06,2.560000,2.610000,2.520000,2.550000,2.367490,1956000
2013-12-09,2.530000,2.610000,2.530000,2.610000,2.423196,1383600
2013-12-10,2.630000,2.720000,2.610000,2.690000,2.497469,2053700
2013-12-11,2.630000,2.660000,2.540000,2.540000,2.358206,2916800
2013-12-12,2.500000,2.510000,2.460000,2.460000,2.283931,2249400
2013-12-13,2.470000,2.530000,2.450000,2.460000,2.283931,2612600
2013-12-16,2.450000,2.520000,2.450000,2.470000,2.293216,2136100
2013-12-17,2.460000,2.500000,2.450000,2.470000,2.293216,1965700
2013-12-18,2.470000,2.540000,2.410000,2.420000,2.246794,3235000
2013-12-19,2.370000,2.400000,2.350000,2.360000,2.191088,2757500
2013-12-20,2.380000,2.440000,2.360000,2.400000,2.228225,6588400
2013-12-23,2.430000,2.440000,2.380000,2.410000,2.237510,2570700
2013-12-24,2.430000,2.500000,2.420000,2.490000,2.311784,2006500
2013-12-26,2.510000,2.530000,2.430000,2.450000,2.274647,1209500
2013-12-27,2.490000,2.530000,2.480000,2.510000,2.330353,2729500
2013-12-30,2.500000,2.550000,2.460000,2.480000,2.302500,2789900
2013-12-31,2.460000,2.530000,2.450000,2.530000,2.348921,2053800
2014-01-02,2.590000,2.680000,2.550000,2.560000,2.376774,3905600
2014-01-03,2.630000,2.690000,2.610000,2.610000,2.423196,2355300
2014-01-06,2.630000,2.640000,2.580000,2.580000,2.395342,1846000
2014-01-07,2.580000,2.630000,2.560000,2.620000,2.432479,1323500
2014-01-08,2.590000,2.620000,2.570000,2.610000,2.423196,1759500
2014-01-09,2.580000,2.600000,2.510000,2.520000,2.339637,1584000
2014-01-10,2.560000,2.630000,2.560000,2.620000,2.432479,2024300
2014-01-13,2.620000,2.770000,2.590000,2.750000,2.553175,2955800
2014-01-14,2.690000,2.880000,2.660000,2.690000,2.497469,4807700
2014-01-15,2.640000,2.730000,2.600000,2.710000,2.516038,2538200
2014-01-16,2.700000,2.770000,2.680000,2.770000,2.571744,2101000
2014-01-17,2.750000,2.860000,2.740000,2.830000,2.627449,3695400
2014-01-21,2.780000,2.890000,2.750000,2.880000,2.673871,2691800
2014-01-22,2.870000,2.890000,2.780000,2.820000,2.618165,2989700
2014-01-23,2.820000,2.950000,2.820000,2.890000,2.683155,4165900
2014-01-24,2.970000,3.010000,2.870000,2.940000,2.729577,4560600
2014-01-27,2.940000,2.950000,2.820000,2.820000,2.618165,2050800
2014-01-28,2.840000,2.930000,2.820000,2.890000,2.683155,1582700
2014-01-29,2.900000,2.970000,2.840000,2.940000,2.729577,2259500
2014-01-30,2.780000,2.900000,2.780000,2.830000,2.627449,2279200
2014-01-31,2.870000,2.930000,2.830000,2.880000,2.673871,2044700
2014-02-03,2.840000,2.890000,2.810000,2.810000,2.608881,1581200
2014-02-04,2.760000,2.830000,2.690000,2.820000,2.618165,2490100
2014-02-05,2.820000,2.830000,2.670000,2.670000,2.478901,3515300
2014-02-06,2.690000,2.720000,2.650000,2.650000,2.460332,2780000
2014-02-07,2.640000,2.700000,2.620000,2.700000,2.506754,2233600
2014-02-10,2.760000,2.850000,2.750000,2.830000,2.627449,2395500
2014-02-11,2.940000,3.100000,2.920000,3.090000,2.868840,6856700
2014-02-12,3.070000,3.100000,2.960000,3.000000,2.785282,3258800
2014-02-13,2.960000,3.110000,2.950000,3.090000,2.868840,2726100
2014-02-14,3.180000,3.300000,3.150000,3.190000,2.961684,6291500
2014-02-18,3.230000,3.280000,3.170000,3.260000,3.026673,3925200
2014-02-19,3.260000,3.350000,3.230000,3.240000,3.008104,5066700
2014-02-20,3.210000,3.350000,3.200000,3.330000,3.091663,2201000
2014-02-21,3.320000,3.430000,3.310000,3.370000,3.128800,3243500
2014-02-24,3.430000,3.430000,3.360000,3.360000,3.119516,2069200
2014-02-25,3.370000,3.400000,3.310000,3.340000,3.100947,2628800
2014-02-26,3.260000,3.260000,3.180000,3.220000,2.989536,2834600
2014-02-27,3.250000,3.270000,3.170000,3.180000,2.952399,2281600
2014-02-28,3.250000,3.270000,3.190000,3.240000,3.008104,1517800
2014-03-03,3.330000,3.350000,3.260000,3.280000,3.045242,1750000
2014-03-04,3.200000,3.240000,3.150000,3.220000,2.989536,1689300
2014-03-05,3.220000,3.260000,3.180000,3.260000,3.026673,1119800
2014-03-06,3.290000,3.350000,3.280000,3.320000,3.082379,2042300
2014-03-07,3.280000,3.380000,3.280000,3.330000,3.091663,4611000
2014-03-10,3.250000,3.350000,3.250000,3.290000,3.054526,1473200
2014-03-11,3.390000,3.450000,3.370000,3.420000,3.175222,5731400
2014-03-12,3.480000,3.560000,3.440000,3.540000,3.286632,4595800
2014-03-13,3.590000,3.720000,3.540000,3.700000,3.435181,7085700
2014-03-14,3.760000,3.800000,3.710000,3.770000,3.500171,5043300
2014-03-17,3.750000,3.760000,3.580000,3.600000,3.342339,3978400
2014-03-18,3.540000,3.590000,3.500000,3.530000,3.277348,3172800
2014-03-19,3.450000,3.490000,3.330000,3.350000,3.110231,3086500
2014-03-20,3.320000,3.460000,3.320000,3.370000,3.128800,2770600
2014-03-21,3.410000,3.470000,3.370000,3.380000,3.138084,8480300
2014-03-24,3.360000,3.400000,3.230000,3.230000,2.998820,3226400
2014-03-25,3.330000,3.350000,3.280000,3.280000,3.045242,2006400
2014-03-26,3.310000,3.330000,3.090000,3.090000,2.868840,3727500
2014-03-27,3.130000,3.180000,3.060000,3.140000,2.915262,2240100
2014-03-28,3.180000,3.250000,3.150000,3.200000,2.970968,3479200
2014-03-31,3.130000,3.150000,3.030000,3.050000,2.831703,2483700
2014-04-01,3.040000,3.070000,3.010000,3.040000,2.822419,2251800
2014-04-02,3.080000,3.170000,3.070000,3.150000,2.924546,3430700
2014-04-03,3.130000,3.130000,3.060000,3.110000,2.887409,1761600
2014-04-04,3.150000,3.160000,3.080000,3.100000,2.878124,2129000
2014-04-07,3.120000,3.210000,3.090000,3.160000,2.933830,1671800
2014-04-08,3.220000,3.250000,3.160000,3.210000,2.980251,2548900
2014-04-09,3.170000,3.290000,3.140000,3.250000,3.017389,1607900
2014-04-10,3.300000,3.400000,3.250000,3.270000,3.035958,2489700
2014-04-11,3.240000,3.320000,3.190000,3.200000,2.970968,1444000
2014-04-14,3.340000,3.350000,3.250000,3.250000,3.017389,1111500
2014-04-15,3.160000,3.180000,3.080000,3.140000,2.915262,1724500
2014-04-16,3.080000,3.120000,3.060000,3.060000,2.840987,2043700
2014-04-17,3.090000,3.140000,3.070000,3.070000,2.850272,1672700
2014-04-21,3.090000,3.100000,3.000000,3.100000,2.878124,2009100
2014-04-22,3.130000,3.180000,3.110000,3.170000,2.943115,2031100
2014-04-23,3.210000,3.330000,3.180000,3.300000,3.063810,2062800
2014-04-24,3.240000,3.280000,3.170000,3.180000,2.952399,2917500
2014-04-25,3.250000,3.350000,3.220000,3.340000,3.100947,1957700
2014-04-28,3.360000,3.370000,3.260000,3.310000,3.073094,1792600
2014-04-29,3.230000,3.310000,3.220000,3.270000,3.035958,1441700
2014-04-30,3.240000,3.350000,3.220000,3.290000,3.054526,1085100
2014-05-01,3.250000,3.290000,3.220000,3.220000,2.989536,1110700
2014-05-02,3.220000,3.330000,3.220000,3.310000,3.073094,1255300
2014-05-05,3.380000,3.400000,3.310000,3.340000,3.100947,1517000
2014-05-06,3.430000,3.440000,3.180000,3.180000,2.952399,3956700
2014-05-07,3.160000,3.190000,3.060000,3.080000,2.859556,3179200
2014-05-08,3.170000,3.180000,3.070000,3.100000,2.878124,1989000
2014-05-09,3.090000,3.100000,2.980000,3.010000,2.794566,1923200
2014-05-12,3.130000,3.150000,3.080000,3.100000,2.878124,1306000
2014-05-13,3.070000,3.120000,3.040000,3.050000,2.831703,870000
2014-05-14,3.190000,3.230000,3.130000,3.150000,2.924546,1402700
2014-05-15,3.150000,3.160000,3.060000,3.080000,2.859556,1090000
2014-05-16,3.160000,3.180000,3.120000,3.140000,2.915262,1156300
2014-05-19,3.200000,3.220000,3.110000,3.120000,2.896693,847200
2014-05-20,3.090000,3.120000,3.060000,3.070000,2.850272,588700
2014-05-21,3.060000,3.060000,3.020000,3.050000,2.831703,676500
2014-05-22,3.080000,3.090000,3.000000,3.000000,2.785282,1881100
2014-05-23,3.000000,3.030000,2.980000,3.000000,2.785282,968900
2014-05-27,2.950000,2.950000,2.810000,2.810000,2.608881,2419100
2014-05-28,2.800000,2.800000,2.610000,2.610000,2.423196,5357200
2014-05-29,2.610000,2.670000,2.610000,2.620000,2.432479,2187900
2014-05-30,2.640000,2.660000,2.600000,2.650000,2.460332,1511400
2014-06-02,2.610000,2.660000,2.600000,2.630000,2.441764,891300
2014-06-03,2.630000,2.650000,2.600000,2.640000,2.451048,1109100
2014-06-04,2.650000,2.650000,2.600000,2.620000,2.432479,1362000
2014-06-05,2.660000,2.720000,2.650000,2.690000,2.497469,1641500
2014-06-06,2.670000,2.680000,2.620000,2.650000,2.460332,903800
2014-06-09,2.660000,2.730000,2.660000,2.710000,2.516038,1363600
2014-06-10,2.720000,2.840000,2.700000,2.820000,2.618165,1658600
2014-06-11,2.870000,2.870000,2.800000,2.840000,2.636734,1369500
2014-06-12,2.870000,2.950000,2.860000,2.940000,2.729577,2188400
2014-06-13,2.900000,2.920000,2.850000,2.880000,2.673871,1799000
2014-06-16,2.910000,2.920000,2.830000,2.840000,2.636734,1601300
2014-06-17,2.820000,2.860000,2.760000,2.780000,2.581028,4642900
2014-06-18,2.780000,2.780000,2.650000,2.680000,2.488185,6513300
2014-06-19,2.750000,2.860000,2.740000,2.850000,2.646018,7877900
2014-06-20,2.880000,2.940000,2.840000,2.910000,2.701723,3633600
2014-06-23,2.930000,3.010000,2.900000,2.990000,2.775998,2352500
2014-06-24,2.980000,3.050000,2.900000,2.920000,2.711008,2508500
2014-06-25,2.920000,2.950000,2.900000,2.920000,2.711008,1230100
2014-06-26,2.900000,2.940000,2.880000,2.940000,2.729577,877300
2014-06-27,2.930000,2.960000,2.880000,2.920000,2.711008,1007800
2014-06-30,2.900000,2.990000,2.870000,2.970000,2.757429,1890100
2014-07-01,2.990000,3.010000,2.950000,2.970000,2.757429,1833100
2014-07-02,2.980000,3.080000,2.970000,3.060000,2.840987,1113800
2014-07-03,3.050000,3.070000,3.000000,3.060000,2.840987,825600
2014-07-07,3.030000,3.060000,2.950000,2.950000,2.738860,1151900
2014-07-08,3.040000,3.100000,3.000000,3.090000,2.868840,1570200
2014-07-09,3.120000,3.230000,3.120000,3.220000,2.989536,2749200
2014-07-10,3.270000,3.280000,3.190000,3.200000,2.970968,3797600
2014-07-11,3.170000,3.260000,3.150000,3.260000,3.026673,1004900
2014-07-14,3.120000,3.230000,3.100000,3.150000,2.924546,2467300
2014-07-15,3.180000,3.190000,3.060000,3.060000,2.840987,2983900
2014-07-16,3.080000,3.140000,3.040000,3.120000,2.896693,1790300
2014-07-17,3.150000,3.240000,3.110000,3.240000,3.008104,1588200
2014-07-18,3.210000,3.280000,3.160000,3.280000,3.045242,2194100
2014-07-21,3.280000,3.290000,3.220000,3.290000,3.054526,1420000
2014-07-22,3.240000,3.280000,3.200000,3.200000,2.970968,904200
2014-07-23,3.250000,3.270000,3.170000,3.180000,2.952399,1393900
2014-07-24,3.180000,3.190000,3.090000,3.100000,2.878124,2321500
2014-07-25,3.130000,3.210000,3.100000,3.210000,2.980251,2254000
2014-07-28,3.190000,3.230000,3.140000,3.190000,2.961684,1619800
2014-07-29,3.200000,3.210000,3.140000,3.180000,2.952399,962900
2014-07-30,3.140000,3.180000,3.110000,3.150000,2.924546,1013100
2014-07-31,3.080000,3.090000,3.020000,3.030000,2.813135,2120900
2014-08-01,3.050000,3.100000,3.020000,3.070000,2.850272,1508100
2014-08-04,3.080000,3.080000,3.000000,3.050000,2.831703,1006300
2014-08-05,3.030000,3.090000,2.960000,3.070000,2.850272,1502500
2014-08-06,3.100000,3.180000,3.080000,3.160000,2.933830,1480700
2014-08-07,3.110000,3.150000,3.070000,3.150000,2.924546,1464400
2014-08-08,3.140000,3.160000,3.110000,3.140000,2.915262,808400
2014-08-11,3.120000,3.180000,3.100000,3.160000,2.933830,868400
2014-08-12,3.200000,3.230000,3.160000,3.200000,2.970968,2247500
2014-08-13,3.170000,3.200000,3.140000,3.150000,2.924546,1650400
2014-08-14,3.070000,3.210000,3.050000,3.120000,2.896693,2210400
2014-08-15,3.060000,3.070000,3.000000,3.040000,2.822419,2100600
2014-08-18,2.980000,3.050000,2.960000,3.040000,2.822419,1069900
2014-08-19,3.020000,3.040000,2.980000,2.980000,2.766713,1275500
2014-08-20,2.970000,3.120000,2.960000,3.070000,2.850272,1975200
2014-08-21,3.010000,3.030000,2.970000,3.000000,2.785282,2079100
2014-08-22,2.990000,3.030000,2.960000,2.970000,2.757429,1693400
2014-08-25,2.960000,2.970000,2.920000,2.940000,2.729577,1013700
2014-08-26,3.000000,3.000000,2.930000,2.960000,2.748145,2519000
2014-08-27,2.990000,3.040000,2.990000,3.020000,2.803850,1329400
2014-08-28,3.030000,3.060000,3.010000,3.040000,2.822419,1116300
2014-08-29,3.040000,3.040000,3.000000,3.040000,2.822419,1545900
2014-09-02,2.980000,2.980000,2.900000,2.920000,2.711008,2076800
2014-09-03,2.920000,2.960000,2.920000,2.920000,2.711008,1357600
2014-09-04,2.930000,2.940000,2.790000,2.790000,2.590312,1833300
2014-09-05,2.750000,2.810000,2.730000,2.800000,2.599597,2209800
2014-09-08,2.720000,2.740000,2.680000,2.680000,2.488185,2454600
2014-09-09,2.660000,2.770000,2.660000,2.750000,2.553175,2495900
2014-09-10,2.700000,2.720000,2.680000,2.690000,2.497469,2025200
2014-09-11,2.670000,2.720000,2.660000,2.710000,2.516038,2099900
2014-09-12,2.640000,2.660000,2.620000,2.640000,2.451048,2605800
2014-09-15,2.590000,2.640000,2.560000,2.590000,2.404627,1864000
2014-09-16,2.580000,2.610000,2.550000,2.580000,2.395342,2055900
2014-09-17,2.590000,2.600000,2.450000,2.460000,2.283931,2600100
2014-09-18,2.450000,2.460000,2.430000,2.450000,2.274647,1832800
2014-09-19,2.440000,2.450000,2.370000,2.380000,2.209657,2963600
2014-09-22,2.400000,2.410000,2.350000,2.350000,2.181804,1670500
2014-09-23,2.420000,2.430000,2.370000,2.400000,2.228225,1841800
2014-09-24,2.370000,2.390000,2.320000,2.330000,2.163235,1863500
2014-09-25,2.290000,2.320000,2.260000,2.280000,2.116815,1785600
2014-09-26,2.260000,2.300000,2.260000,2.270000,2.107530,1569200
2014-09-29,2.280000,2.300000,2.240000,2.240000,2.079677,1386500
2014-09-30,2.220000,2.240000,2.160000,2.160000,2.005403,2366200
2014-10-01,2.190000,2.230000,2.180000,2.200000,2.042540,1574000
2014-10-02,2.220000,2.220000,2.130000,2.190000,2.033256,1198500
2014-10-03,2.170000,2.180000,2.000000,2.010000,1.866139,3893100
2014-10-06,2.050000,2.080000,2.040000,2.060000,1.912560,1836800
2014-10-07,2.060000,2.100000,1.980000,2.000000,1.856855,2799700
2014-10-08,2.030000,2.170000,1.910000,2.130000,1.977551,4085200
2014-10-09,2.170000,2.180000,2.080000,2.130000,1.977551,3114400
2014-10-10,2.130000,2.130000,1.990000,2.000000,1.856855,2079700
2014-10-13,2.020000,2.060000,1.990000,2.000000,1.856855,1832900
2014-10-14,2.070000,2.150000,2.060000,2.120000,1.968266,3011300
2014-10-15,2.110000,2.200000,2.040000,2.060000,1.912560,2132200
2014-10-16,2.030000,2.150000,2.030000,2.070000,1.921844,1347000
2014-10-17,2.080000,2.090000,2.010000,2.010000,1.866139,2178500
2014-10-20,2.020000,2.040000,2.000000,2.040000,1.893992,1282100
2014-10-21,2.040000,2.080000,2.040000,2.040000,1.893992,1452200
2014-10-22,2.000000,2.040000,1.960000,1.960000,1.819718,1779000
2014-10-23,1.960000,1.960000,1.900000,1.940000,1.801149,1613000
2014-10-24,1.900000,1.910000,1.860000,1.870000,1.736159,2655400
2014-10-27,1.840000,1.880000,1.840000,1.850000,1.717591,1448300
2014-10-28,1.850000,1.900000,1.810000,1.850000,1.717591,2712700
2014-10-29,1.840000,1.860000,1.780000,1.780000,1.652601,7906800
2014-10-30,1.740000,1.770000,1.700000,1.700000,1.578326,3344100
2014-10-31,1.650000,1.700000,1.620000,1.620000,1.504052,4222000
2014-11-03,1.610000,1.740000,1.600000,1.740000,1.615463,2777600
2014-11-04,1.710000,1.740000,1.650000,1.680000,1.559758,3184800
2014-11-05,1.670000,1.700000,1.590000,1.610000,1.494768,4524700
2014-11-06,1.640000,1.670000,1.560000,1.560000,1.448346,6474100
2014-11-07,1.540000,1.690000,1.540000,1.680000,1.559758,5730500
2014-11-10,1.620000,1.640000,1.550000,1.560000,1.448346,2833800
2014-11-11,1.550000,1.650000,1.530000,1.590000,1.476200,4157100
2014-11-12,1.600000,1.680000,1.600000,1.660000,1.541189,3475200
2014-11-13,1.650000,1.670000,1.600000,1.600000,1.485484,2876700
2014-11-14,1.540000,1.750000,1.540000,1.740000,1.615463,5013600
2014-11-17,1.660000,1.770000,1.630000,1.750000,1.624748,4492000
2014-11-18,1.770000,1.880000,1.730000,1.870000,1.736159,8349400
2014-11-19,1.820000,1.870000,1.680000,1.680000,1.559758,6591900
2014-11-20,1.730000,1.760000,1.680000,1.710000,1.587611,3210000
2014-11-21,1.750000,1.810000,1.730000,1.730000,1.606179,2589000
2014-11-24,1.740000,1.750000,1.700000,1.710000,1.587611,1813800
2014-11-25,1.710000,1.820000,1.700000,1.800000,1.671169,4139800
2014-11-26,1.790000,1.810000,1.750000,1.760000,1.634032,1713400
2014-11-28,1.720000,1.730000,1.690000,1.710000,1.587611,2488800
2014-12-01,1.700000,1.800000,1.680000,1.770000,1.643316,6293700
2014-12-02,1.710000,1.790000,1.710000,1.780000,1.652601,4303700
2014-12-03,1.760000,1.840000,1.750000,1.820000,1.689738,3562600
2014-12-04,1.790000,1.830000,1.770000,1.770000,1.643316,2588800
2014-12-05,1.740000,1.760000,1.720000,1.720000,1.596895,1772400
2014-12-08,1.730000,1.790000,1.690000,1.770000,1.643316,2631200
2014-12-09,1.820000,1.890000,1.800000,1.870000,1.736159,3426600
2014-12-10,1.850000,1.870000,1.780000,1.790000,1.661885,2483800
2014-12-11,1.750000,1.790000,1.720000,1.740000,1.615463,3066800
2014-12-12,1.720000,1.760000,1.690000,1.700000,1.578326,4956400
2014-12-15,1.700000,1.790000,1.670000,1.700000,1.578326,11741600
2014-12-16,1.740000,1.740000,1.670000,1.680000,1.559758,5336500
2014-12-17,1.690000,1.820000,1.680000,1.790000,1.661885,4970300
2014-12-18,1.860000,1.870000,1.790000,1.820000,1.689738,6686300
2014-12-19,1.780000,1.820000,1.750000,1.800000,1.671169,66462200
2014-12-22,1.790000,1.820000,1.710000,1.740000,1.615463,7356200
2014-12-23,1.720000,1.870000,1.720000,1.750000,1.624748,3822500
2014-12-24,1.730000,1.870000,1.720000,1.850000,1.717591,1140500
2014-12-26,1.900000,2.030000,1.880000,1.930000,1.791865,2378100
2014-12-29,1.920000,1.930000,1.850000,1.860000,1.726875,2471900
2014-12-30,1.910000,1.940000,1.890000,1.890000,1.754728,1899800
2014-12-31,1.880000,1.930000,1.870000,1.890000,1.754728,2225300
2015-01-02,1.900000,1.950000,1.850000,1.940000,1.801149,3012600
2015-01-05,1.980000,2.110000,1.960000,2.110000,1.958982,4400600
2015-01-06,2.190000,2.360000,2.190000,2.330000,2.163235,6975800
2015-01-07,2.270000,2.400000,2.270000,2.330000,2.163235,5283900
2015-01-08,2.370000,2.460000,2.320000,2.350000,2.181804,3845100
2015-01-09,2.400000,2.610000,2.390000,2.580000,2.395342,5455900
2015-01-12,2.600000,2.880000,2.600000,2.860000,2.655302,6672300
2015-01-13,2.900000,2.910000,2.710000,2.730000,2.534606,6045700
2015-01-14,2.770000,2.800000,2.630000,2.700000,2.506754,4451300
2015-01-15,2.840000,2.950000,2.790000,2.940000,2.729577,5498900
2015-01-16,2.930000,3.090000,2.920000,3.010000,2.794566,5092600
2015-01-20,3.030000,3.090000,3.000000,3.070000,2.850272,3560600
2015-01-21,3.130000,3.160000,3.010000,3.120000,2.896693,4753200
2015-01-22,3.120000,3.180000,3.040000,3.050000,2.831703,3953200
2015-01-23,2.980000,3.000000,2.860000,2.880000,2.673871,3415600
2015-01-26,2.850000,2.960000,2.760000,2.940000,2.729577,3439800
2015-01-27,2.960000,3.140000,2.950000,3.140000,2.915262,3814600
2015-01-28,3.020000,3.110000,2.970000,3.010000,2.794566,3732400
2015-01-29,2.910000,2.980000,2.880000,2.950000,2.738860,2473700
2015-01-30,2.960000,3.120000,2.930000,3.100000,2.878124,3066900
2015-02-02,3.070000,3.140000,3.020000,3.100000,2.878124,3363800
2015-02-03,3.100000,3.180000,3.050000,3.060000,2.840987,4885600
2015-02-04,3.090000,3.090000,2.960000,3.020000,2.803850,3887600
2015-02-05,3.020000,3.090000,2.980000,3.060000,2.840987,2901400
2015-02-06,2.890000,2.960000,2.880000,2.880000,2.673871,4483500
2015-02-09,2.840000,2.850000,2.740000,2.760000,2.562459,4668000
2015-02-10,2.720000,2.800000,2.690000,2.740000,2.543891,2647300
2015-02-11,2.740000,2.770000,2.650000,2.670000,2.478901,2444300
2015-02-12,2.660000,2.700000,2.590000,2.670000,2.478901,1571700
2015-02-13,2.650000,2.680000,2.630000,2.640000,2.451048,1754500
2015-02-17,2.520000,2.540000,2.400000,2.400000,2.228225,2558500
2015-02-18,2.430000,2.460000,2.350000,2.410000,2.237510,5709900
2015-02-19,2.420000,2.450000,2.370000,2.380000,2.209657,2762400
2015-02-20,2.430000,2.460000,2.400000,2.420000,2.246794,5525100
2015-02-23,2.360000,2.420000,2.320000,2.390000,2.218941,2300700
2015-02-24,2.340000,2.410000,2.340000,2.350000,2.181804,1373900
2015-02-25,2.400000,2.430000,2.360000,2.390000,2.218941,1844800
2015-02-26,2.450000,2.470000,2.420000,2.440000,2.265363,1069400
2015-02-27,2.460000,2.510000,2.460000,2.460000,2.283931,801000
2015-03-02,2.500000,2.530000,2.420000,2.440000,2.265363,2438500
2015-03-03,2.470000,2.490000,2.350000,2.350000,2.181804,1793400
2015-03-04,2.340000,2.360000,2.250000,2.250000,2.088961,1173700
2015-03-05,2.240000,2.250000,2.190000,2.190000,2.033256,856900
2015-03-06,2.090000,2.100000,1.920000,1.950000,1.810433,4686200
2015-03-09,1.950000,1.960000,1.850000,1.870000,1.736159,1720400
2015-03-10,1.830000,1.880000,1.760000,1.790000,1.661885,3329100
2015-03-11,1.770000,1.830000,1.720000,1.830000,1.699022,2626600
2015-03-12,1.830000,1.830000,1.730000,1.750000,1.624748,1993800
2015-03-13,1.730000,1.750000,1.670000,1.690000,1.569042,2273700
2015-03-16,1.680000,1.800000,1.670000,1.760000,1.634032,4615500
2015-03-17,1.730000,1.770000,1.700000,1.730000,1.606179,2960100
2015-03-18,1.730000,1.840000,1.690000,1.840000,1.708306,6163300
2015-03-19,1.830000,1.880000,1.810000,1.830000,1.699022,2826600
2015-03-20,1.880000,2.000000,1.880000,1.930000,1.791865,8157600
2015-03-23,1.910000,1.960000,1.910000,1.930000,1.791865,2731100
2015-03-24,1.910000,1.950000,1.890000,1.890000,1.754728,1300700
2015-03-25,1.960000,1.980000,1.890000,1.890000,1.754728,2172500
2015-03-26,1.990000,2.000000,1.870000,1.880000,1.745443,4125800
2015-03-27,1.850000,1.870000,1.790000,1.800000,1.671169,2358200
2015-03-30,1.750000,1.780000,1.710000,1.720000,1.596895,1955900
2015-03-31,1.750000,1.810000,1.710000,1.740000,1.615463,4082900
2015-04-01,1.790000,1.990000,1.760000,1.990000,1.847570,3489600
2015-04-02,1.960000,1.980000,1.900000,1.930000,1.791865,2193200
2015-04-06,2.010000,2.010000,1.950000,1.990000,1.847570,1443600
2015-04-07,2.010000,2.040000,1.980000,1.990000,1.847570,1468800
2015-04-08,1.980000,1.990000,1.890000,1.920000,1.782580,1350300
2015-04-09,1.860000,1.880000,1.770000,1.810000,1.680454,1862300
2015-04-10,1.890000,1.920000,1.850000,1.920000,1.782580,1804800
2015-04-13,1.860000,1.900000,1.810000,1.850000,1.717591,1948800
2015-04-14,1.880000,1.920000,1.850000,1.890000,1.754728,1879200
2015-04-15,1.950000,1.990000,1.920000,1.990000,1.847570,2099400
2015-04-16,2.020000,2.030000,1.920000,1.930000,1.791865,2399700
2015-04-17,1.950000,1.970000,1.880000,1.930000,1.791865,2067400
2015-04-20,1.940000,1.960000,1.910000,1.950000,1.810433,1721800
2015-04-21,1.960000,2.060000,1.950000,2.050000,1.903276,2411200
2015-04-22,2.030000,2.030000,1.910000,1.910000,1.773296,2081100
2015-04-23,1.910000,2.000000,1.910000,1.980000,1.838286,1472100
2015-04-24,1.960000,1.970000,1.880000,1.900000,1.764012,2473300
2015-04-27,1.940000,2.010000,1.920000,1.970000,1.829002,1892900
2015-04-28,2.020000,2.110000,2.010000,2.070000,1.921844,2365000
2015-04-29,2.060000,2.090000,2.000000,2.060000,1.912560,2348400
2015-04-30,1.960000,1.990000,1.890000,1.940000,1.801149,3261700
2015-05-01,1.910000,1.950000,1.890000,1.940000,1.801149,1104500
2015-05-04,1.980000,2.000000,1.930000,1.970000,1.829002,1260600
2015-05-05,1.990000,2.020000,1.910000,1.940000,1.801149,1330900
2015-05-06,1.950000,1.970000,1.870000,1.880000,1.745443,2050400
2015-05-07,1.770000,1.800000,1.730000,1.780000,1.652601,3415700
2015-05-08,1.770000,1.820000,1.760000,1.810000,1.680454,971400
2015-05-11,1.770000,1.820000,1.740000,1.790000,1.661885,2161200
2015-05-12,1.780000,1.870000,1.770000,1.850000,1.717591,2295000
2015-05-13,1.890000,1.900000,1.780000,1.820000,1.689738,3236700
2015-05-14,1.810000,1.820000,1.660000,1.670000,1.550474,3820600
2015-05-15,1.640000,1.720000,1.630000,1.670000,1.550474,4553100
2015-05-18,1.700000,1.700000,1.630000,1.640000,1.522621,1551700
2015-05-19,1.570000,1.610000,1.550000,1.560000,1.448346,4158500
2015-05-20,1.560000,1.580000,1.550000,1.560000,1.448346,2537100
2015-05-21,1.570000,1.570000,1.530000,1.540000,1.429778,2940400
2015-05-22,1.540000,1.590000,1.540000,1.540000,1.429778,1864800
2015-05-26,1.490000,1.500000,1.450000,1.480000,1.374072,3381300
2015-05-27,1.470000,1.480000,1.410000,1.410000,1.309082,2639200
2015-05-28,1.410000,1.440000,1.400000,1.410000,1.309082,2271500
2015-05-29,1.490000,1.540000,1.480000,1.480000,1.374072,1159600
2015-06-01,1.480000,1.510000,1.440000,1.440000,1.336935,1069100
2015-06-02,1.470000,1.490000,1.440000,1.480000,1.374072,1263800
2015-06-03,1.450000,1.470000,1.430000,1.430000,1.327651,1356500
2015-06-04,1.410000,1.430000,1.370000,1.380000,1.281230,1899800
2015-06-05,1.360000,1.370000,1.340000,1.340000,1.244093,1857900
2015-06-08,1.360000,1.360000,1.330000,1.340000,1.244093,1024000
2015-06-09,1.400000,1.440000,1.370000,1.380000,1.281230,1985900
2015-06-10,1.440000,1.440000,1.400000,1.410000,1.309082,1442700
2015-06-11,1.390000,1.410000,1.360000,1.360000,1.262661,1253900
2015-06-12,1.380000,1.390000,1.340000,1.350000,1.253377,1160000
2015-06-15,1.340000,1.370000,1.320000,1.350000,1.253377,1855800
2015-06-16,1.350000,1.360000,1.330000,1.360000,1.262661,2233400
2015-06-17,1.350000,1.410000,1.340000,1.400000,1.299798,1941000
2015-06-18,1.440000,1.500000,1.420000,1.490000,1.383357,2572400
2015-06-19,1.450000,1.480000,1.420000,1.460000,1.355504,8369100
2015-06-22,1.380000,1.420000,1.370000,1.410000,1.309082,2032600
2015-06-23,1.330000,1.350000,1.310000,1.310000,1.216240,2843600
2015-06-24,1.310000,1.350000,1.310000,1.340000,1.244093,1090800
2015-06-25,1.360000,1.380000,1.340000,1.380000,1.281230,1336600
2015-06-26,1.380000,1.410000,1.370000,1.380000,1.281230,1584100
2015-06-29,1.410000,1.440000,1.400000,1.410000,1.309082,1043200
2015-06-30,1.350000,1.360000,1.320000,1.340000,1.244093,5413600
2015-07-01,1.330000,1.340000,1.310000,1.320000,1.225524,2204700
2015-07-02,1.310000,1.330000,1.260000,1.290000,1.197671,3685200
2015-07-06,1.260000,1.360000,1.240000,1.340000,1.244093,1774900
2015-07-07,1.280000,1.320000,1.250000,1.290000,1.197671,2594200
2015-07-08,1.260000,1.290000,1.240000,1.250000,1.160534,3035200
2015-07-09,1.230000,1.250000,1.200000,1.210000,1.123397,2409500
2015-07-10,1.180000,1.200000,1.170000,1.180000,1.095544,2940200
2015-07-13,1.150000,1.210000,1.140000,1.200000,1.114113,1410900
2015-07-14,1.180000,1.230000,1.150000,1.200000,1.114113,1194900
2015-07-15,1.190000,1.250000,1.180000,1.200000,1.114113,1547700
2015-07-16,1.140000,1.170000,1.140000,1.160000,1.076976,1042900
2015-07-17,1.140000,1.170000,1.130000,1.130000,1.049123,2618700
2015-07-20,1.060000,1.080000,0.980000,0.980000,0.909859,4427900
2015-07-21,1.050000,1.100000,1.020000,1.060000,0.984133,2073600
2015-07-22,1.050000,1.070000,1.020000,1.050000,0.974849,2183000
2015-07-23,1.080000,1.080000,1.000000,1.010000,0.937712,4720100
2015-07-24,0.970000,1.090000,0.960000,1.080000,1.002701,5599100
2015-07-27,1.050000,1.090000,1.030000,1.040000,0.965564,2671600
2015-07-28,1.030000,1.040000,1.020000,1.020000,0.946996,1232200
2015-07-29,1.030000,1.080000,1.010000,1.060000,0.984133,1396000
2015-07-30,1.010000,1.030000,0.940000,0.950000,0.882006,2419300
2015-07-31,1.000000,1.030000,0.970000,1.000000,0.928427,1104900
2015-08-03,0.980000,0.980000,0.940000,0.950000,0.882006,721900
2015-08-04,0.940000,0.990000,0.920000,0.990000,0.919143,1333500
2015-08-05,0.950000,0.980000,0.940000,0.940000,0.872722,1195300
2015-08-06,0.960000,0.980000,0.920000,0.950000,0.882006,1095000
2015-08-07,0.950000,1.020000,0.940000,0.940000,0.872722,1245000
2015-08-10,1.000000,1.020000,0.960000,1.020000,0.946996,1209200
2015-08-11,1.050000,1.090000,1.020000,1.090000,1.011986,1450900
2015-08-12,1.120000,1.160000,1.080000,1.160000,1.076976,2459700
2015-08-13,1.070000,1.100000,0.980000,0.980000,0.909859,2109500
2015-08-14,1.020000,1.070000,0.980000,0.980000,0.909859,938200
2015-08-17,1.010000,1.080000,1.000000,1.060000,0.984133,1731800
2015-08-18,1.000000,1.020000,0.970000,1.000000,0.928427,1474900
2015-08-19,0.950000,1.020000,0.940000,1.010000,0.937712,1806600
2015-08-20,1.040000,1.120000,1.030000,1.100000,1.021270,3675400
2015-08-21,1.140000,1.150000,1.030000,1.080000,1.002701,4315900
2015-08-24,1.060000,1.110000,0.980000,0.980000,0.909859,3501900
2015-08-25,1.040000,1.060000,0.900000,0.910000,0.844869,2372800
2015-08-26,0.940000,0.950000,0.830000,0.840000,0.779879,2333400
2015-08-27,0.880000,0.930000,0.830000,0.910000,0.844869,2021100
2015-08-28,0.900000,0.930000,0.880000,0.910000,0.844869,1932100
2015-08-31,0.880000,0.930000,0.850000,0.920000,0.854153,1325600
2015-09-01,0.950000,0.950000,0.840000,0.850000,0.789163,1210000
2015-09-02,0.830000,0.860000,0.780000,0.800000,0.742742,1389800
2015-09-03,0.800000,0.830000,0.760000,0.760000,0.705605,2325800
2015-09-04,0.790000,0.800000,0.740000,0.770000,0.714889,2026600
2015-09-08,0.770000,0.780000,0.710000,0.740000,0.687036,2613900
2015-09-09,0.760000,0.870000,0.720000,0.730000,0.677752,1768500
2015-09-10,0.750000,0.760000,0.690000,0.710000,0.659183,2608000
2015-09-11,0.740000,0.760000,0.630000,0.690000,0.640615,4293100
2015-09-14,0.700000,0.780000,0.680000,0.750000,0.696321,4945100
2015-09-15,0.710000,0.810000,0.710000,0.780000,0.724173,3778100
2015-09-16,0.800000,0.850000,0.790000,0.850000,0.789163,4459900
2015-09-17,0.830000,0.920000,0.830000,0.890000,0.826300,4416600
2015-09-18,0.950000,0.960000,0.800000,0.800000,0.742742,73594000
2015-09-21,0.820000,0.840000,0.730000,0.740000,0.687036,3923800
2015-09-22,0.710000,0.720000,0.650000,0.650000,0.603478,3780200
2015-09-23,0.690000,0.700000,0.640000,0.640000,0.594193,2415000
2015-09-24,0.660000,0.670000,0.640000,0.670000,0.622046,4008300
2015-09-25,0.660000,0.690000,0.660000,0.660000,0.612762,3227000
2015-09-28,0.680000,0.680000,0.600000,0.600000,0.557056,2301400
2015-09-29,0.640000,0.670000,0.610000,0.620000,0.575625,2794800
2015-09-30,0.640000,0.640000,0.600000,0.600000,0.557056,1775200
2015-10-01,0.670000,0.670000,0.570000,0.580000,0.538488,2329700
2015-10-02,0.600000,0.630000,0.590000,0.610000,0.566341,4447100
2015-10-05,0.640000,0.660000,0.630000,0.640000,0.594193,3670100
2015-10-06,0.660000,0.680000,0.630000,0.630000,0.584909,2923700
2015-10-07,0.630000,0.660000,0.610000,0.640000,0.594193,2368800
2015-10-08,0.640000,0.720000,0.640000,0.670000,0.622046,3810300
2015-10-09,0.700000,0.780000,0.680000,0.770000,0.714889,5866100
2015-10-12,0.800000,0.820000,0.750000,0.760000,0.705605,1482900
2015-10-13,0.770000,0.770000,0.720000,0.720000,0.668468,1735300
2015-10-14,0.750000,0.880000,0.750000,0.840000,0.779879,3536400
2015-10-15,0.820000,0.850000,0.770000,0.830000,0.770595,1898100
2015-10-16,0.830000,0.840000,0.780000,0.800000,0.742742,956600
2015-10-19,0.790000,0.800000,0.740000,0.760000,0.705605,1242200
2015-10-20,0.760000,0.820000,0.760000,0.790000,0.733458,1108700
2015-10-21,0.800000,0.800000,0.720000,0.770000,0.714889,1869300
2015-10-22,0.770000,0.780000,0.740000,0.770000,0.714889,1023200
2015-10-23,0.780000,0.780000,0.720000,0.740000,0.687036,2042100
2015-10-26,0.750000,0.760000,0.720000,0.720000,0.668468,643300
2015-10-27,0.730000,0.770000,0.710000,0.760000,0.705605,1380600
2015-10-28,0.780000,0.810000,0.710000,0.710000,0.659183,3225900
2015-10-29,0.690000,0.750000,0.680000,0.680000,0.631331,1754300
2015-10-30,0.680000,0.710000,0.680000,0.680000,0.631331,1232800
2015-11-02,0.610000,0.710000,0.610000,0.710000,0.659183,759500
2015-11-03,0.730000,0.730000,0.690000,0.710000,0.659183,1206900
2015-11-04,0.700000,0.720000,0.640000,0.670000,0.622046,1615500
2015-11-05,0.730000,0.730000,0.670000,0.680000,0.631331,1506600
2015-11-06,0.670000,0.700000,0.660000,0.670000,0.622046,1182100
2015-11-09,0.700000,0.700000,0.660000,0.700000,0.649899,1666200
2015-11-10,0.670000,0.690000,0.650000,0.690000,0.640615,957200
2015-11-11,0.670000,0.670000,0.650000,0.650000,0.603478,788300
2015-11-12,0.610000,0.650000,0.580000,0.610000,0.566341,1339700
2015-11-13,0.590000,0.620000,0.570000,0.610000,0.566341,1489400
2015-11-16,0.600000,0.610000,0.590000,0.610000,0.566341,456600
2015-11-17,0.570000,0.590000,0.540000,0.540000,0.501351,1477700
2015-11-18,0.570000,0.610000,0.550000,0.610000,0.566341,846400
2015-11-19,0.600000,0.630000,0.600000,0.600000,0.557056,1065100
2015-11-20,0.610000,0.620000,0.530000,0.530000,0.492066,1788100
2015-11-23,0.560000,0.600000,0.540000,0.560000,0.519919,828600
2015-11-24,0.610000,0.620000,0.590000,0.610000,0.566341,1153200
2015-11-25,0.610000,0.610000,0.580000,0.580000,0.538488,763300
2015-11-27,0.580000,0.600000,0.560000,0.560000,0.519919,582300
2015-11-30,0.590000,0.620000,0.580000,0.610000,0.566341,1254900
2015-12-01,0.580000,0.630000,0.580000,0.610000,0.566341,891500
2015-12-02,0.600000,0.660000,0.600000,0.660000,0.612762,1759700
2015-12-03,0.610000,0.660000,0.600000,0.660000,0.612762,927600
2015-12-04,0.650000,0.730000,0.640000,0.730000,0.677752,1790200
2015-12-07,0.730000,0.740000,0.690000,0.710000,0.659183,1647900
2015-12-08,0.730000,0.750000,0.710000,0.730000,0.677752,804300
2015-12-09,0.760000,0.800000,0.750000,0.800000,0.742742,1983800
2015-12-10,0.850000,0.890000,0.830000,0.870000,0.807732,2581200
2015-12-11,0.990000,0.990000,0.890000,0.930000,0.863437,4792700
2015-12-14,0.880000,0.890000,0.780000,0.800000,0.742742,2517000
2015-12-15,0.810000,0.820000,0.770000,0.820000,0.761310,1617700
2015-12-16,0.830000,0.860000,0.800000,0.840000,0.779879,1858400
2015-12-17,0.840000,0.840000,0.760000,0.760000,0.705605,2519200
2015-12-18,0.850000,0.880000,0.800000,0.830000,0.770595,17898800
2015-12-21,0.930000,0.950000,0.870000,0.900000,0.835585,1981500
2015-12-22,0.940000,0.940000,0.870000,0.890000,0.826300,1185900
2015-12-23,0.940000,1.060000,0.910000,1.010000,0.937712,3508900
2015-12-24,1.040000,1.040000,0.990000,1.030000,0.956280,694300
2015-12-28,1.000000,1.010000,0.950000,0.950000,0.882006,1092800
2015-12-29,0.990000,0.990000,0.930000,0.950000,0.882006,897300
2015-12-30,0.940000,0.950000,0.910000,0.930000,0.863437,637400
2015-12-31,0.930000,0.940000,0.920000,0.930000,0.863437,511700
2016-01-04,1.050000,1.060000,1.010000,1.060000,0.984133,1900500
2016-01-05,1.110000,1.160000,1.080000,1.150000,1.067691,2959500
2016-01-06,1.250000,1.340000,1.240000,1.330000,1.234808,3610900
2016-01-07,1.460000,1.460000,1.360000,1.440000,1.336935,4504500
2016-01-08,1.370000,1.390000,1.210000,1.290000,1.197671,2701400
2016-01-11,1.390000,1.410000,1.270000,1.290000,1.197671,2226700
2016-01-12,1.350000,1.360000,1.270000,1.350000,1.253377,3073700
2016-01-13,1.430000,1.600000,1.390000,1.530000,1.420494,5598300
2016-01-14,1.610000,1.610000,1.440000,1.490000,1.383357,3151100
2016-01-15,1.700000,1.730000,1.570000,1.610000,1.494768,2710400
2016-01-19,1.610000,1.610000,1.450000,1.510000,1.401925,3044900
2016-01-20,1.620000,1.690000,1.610000,1.680000,1.559758,4109900
2016-01-21,1.680000,1.730000,1.630000,1.730000,1.606179,2514000
2016-01-22,1.650000,1.700000,1.630000,1.650000,1.531905,1739800
2016-01-25,1.750000,1.820000,1.720000,1.820000,1.689738,3567600
2016-01-26,1.880000,1.990000,1.860000,1.950000,1.810433,4256800
2016-01-27,1.970000,2.000000,1.910000,1.990000,1.847570,3377100
2016-01-28,1.910000,1.950000,1.860000,1.920000,1.782580,2437200
2016-01-29,1.790000,1.810000,1.750000,1.790000,1.661885,2451300
2016-02-01,1.860000,1.930000,1.820000,1.870000,1.736159,2023600
2016-02-02,1.930000,1.950000,1.900000,1.950000,1.810433,2736000
2016-02-03,1.970000,2.070000,1.950000,2.050000,1.903276,3760100
2016-02-04,2.180000,2.300000,2.140000,2.240000,2.079677,5414300
2016-02-05,2.220000,2.340000,2.090000,2.340000,2.172520,4563200
2016-02-08,2.400000,2.480000,2.350000,2.430000,2.256078,3918500
2016-02-09,2.520000,2.540000,2.340000,2.370000,2.200372,3763800
2016-02-10,2.380000,2.390000,2.150000,2.380000,2.209657,4509600
2016-02-11,2.590000,2.750000,2.540000,2.750000,2.553175,6541800
2016-02-12,2.670000,2.810000,2.630000,2.740000,2.543891,4016700
2016-02-16,2.540000,2.770000,2.450000,2.570000,2.386058,6031200
2016-02-17,2.470000,2.580000,2.360000,2.580000,2.395342,4612500
2016-02-18,2.430000,2.640000,2.410000,2.630000,2.441764,5023400
2016-02-19,2.570000,2.660000,2.560000,2.630000,2.441764,5042400
2016-02-22,2.540000,2.690000,2.530000,2.670000,2.478901,2676100
2016-02-23,2.710000,2.830000,2.700000,2.820000,2.618165,4253700
2016-02-24,2.970000,3.110000,2.930000,3.010000,2.794566,7023500
2016-02-25,3.060000,3.180000,3.030000,3.160000,2.933830,6519100
2016-02-26,3.080000,3.160000,2.920000,3.000000,2.785282,5755700
2016-02-29,3.150000,3.280000,3.100000,3.260000,3.026673,4779500
2016-03-01,3.320000,3.340000,3.080000,3.100000,2.878124,5295800
2016-03-02,3.190000,3.300000,3.150000,3.260000,3.026673,3606900
2016-03-03,3.270000,3.400000,3.200000,3.360000,3.119516,4869500
2016-03-04,3.360000,3.420000,3.150000,3.150000,2.924546,7382900
2016-03-07,3.270000,3.390000,3.200000,3.310000,3.073094,4303600
2016-03-08,3.330000,3.390000,3.200000,3.310000,3.073094,5970500
2016-03-09,3.170000,3.400000,3.050000,3.320000,3.082379,6110700
2016-03-10,3.250000,3.400000,3.220000,3.380000,3.138084,4841200
2016-03-11,3.360000,3.400000,3.270000,3.390000,3.147369,4450700
2016-03-14,3.420000,3.520000,3.350000,3.500000,3.249496,7676400
2016-03-15,3.490000,3.650000,3.370000,3.640000,3.379476,7569700
2016-03-16,3.580000,3.980000,3.530000,3.960000,3.676572,8268300
2016-03-17,3.990000,4.190000,3.860000,3.910000,3.630151,10711300
2016-03-18,3.920000,3.990000,3.560000,3.780000,3.509455,46173800
2016-03-21,3.760000,3.980000,3.730000,3.830000,3.555877,6156500
2016-03-22,3.910000,4.000000,3.840000,3.980000,3.695141,5228200
2016-03-23,3.760000,3.950000,3.690000,3.690000,3.425897,9520900
2016-03-24,3.690000,3.790000,3.650000,3.740000,3.472318,4772100
2016-03-28,3.740000,3.750000,3.600000,3.720000,3.453749,3806600
2016-03-29,3.770000,4.060000,3.750000,3.990000,3.704425,8882600
2016-03-30,3.850000,3.950000,3.770000,3.820000,3.546592,7780300
2016-03-31,3.730000,3.800000,3.610000,3.640000,3.379476,5931200
2016-04-01,3.490000,3.740000,3.350000,3.720000,3.453749,6651200
2016-04-04,3.690000,3.690000,3.580000,3.590000,3.333054,3315800
2016-04-05,3.760000,3.760000,3.610000,3.710000,3.444465,3249200
2016-04-06,3.680000,3.710000,3.600000,3.710000,3.444465,4060100
2016-04-07,3.810000,3.870000,3.800000,3.850000,3.574445,4096400
2016-04-08,3.850000,3.930000,3.780000,3.930000,3.648720,4136500
2016-04-11,4.010000,4.170000,4.010000,4.170000,3.871542,4813100
2016-04-12,4.100000,4.120000,3.950000,4.050000,3.760131,5680300
2016-04-13,3.860000,4.010000,3.800000,3.840000,3.565161,4141400
2016-04-14,3.790000,3.830000,3.540000,3.580000,3.323770,5822400
2016-04-15,3.530000,3.660000,3.480000,3.590000,3.333054,4633500
2016-04-18,3.600000,3.630000,3.490000,3.590000,3.333054,2632200
2016-04-19,3.640000,3.720000,3.520000,3.680000,3.416612,10909500
2016-04-20,3.590000,3.640000,3.320000,3.390000,3.147369,9429100
2016-04-21,3.510000,3.510000,3.300000,3.380000,3.138084,4045700
2016-04-22,3.330000,3.390000,3.010000,3.100000,2.878124,6749900
2016-04-25,3.080000,3.210000,3.040000,3.180000,2.952399,3297000
2016-04-26,3.180000,3.190000,3.040000,3.180000,2.952399,3422000
2016-04-27,3.190000,3.270000,3.130000,3.270000,3.035958,3388800
2016-04-28,3.350000,3.570000,3.320000,3.530000,3.277348,5065300
2016-04-29,3.550000,3.670000,3.550000,3.660000,3.398045,6672000
2016-05-02,3.720000,3.740000,3.540000,3.550000,3.295917,3945200
2016-05-03,3.570000,3.610000,3.360000,3.370000,3.128800,4610600
2016-05-04,3.290000,3.400000,3.120000,3.140000,2.915262,3384800
2016-05-05,3.350000,3.430000,3.280000,3.400000,3.156653,4106800
2016-05-06,3.490000,3.710000,3.460000,3.680000,3.416612,6659100
2016-05-09,3.430000,3.470000,3.290000,3.290000,3.054526,3592100
2016-05-10,3.250000,3.420000,3.150000,3.350000,3.110231,3110000
2016-05-11,3.400000,3.490000,3.280000,3.450000,3.203074,4713500
2016-05-12,3.400000,3.430000,3.200000,3.200000,2.970968,2997000
2016-05-13,3.280000,3.370000,3.240000,3.320000,3.082379,4547900
2016-05-16,3.460000,3.500000,3.310000,3.440000,3.193790,6093000
2016-05-17,3.340000,3.500000,3.330000,3.420000,3.175222,3249600
2016-05-18,3.370000,3.520000,3.250000,3.280000,3.045242,6482800
2016-05-19,3.170000,3.400000,3.160000,3.320000,3.082379,3444400
2016-05-20,3.290000,3.340000,3.170000,3.320000,3.082379,4318200
2016-05-23,3.190000,3.410000,3.180000,3.330000,3.091663,3616700
2016-05-24,3.220000,3.270000,2.990000,3.000000,2.785282,7156500
2016-05-25,2.950000,3.110000,2.930000,3.090000,2.868840,3745500
2016-05-26,3.130000,3.140000,3.010000,3.060000,2.840987,2233600
2016-05-27,3.030000,3.050000,2.880000,2.920000,2.711008,3904100
2016-05-31,2.910000,3.100000,2.900000,3.060000,2.840987,4049000
2016-06-01,3.090000,3.180000,3.060000,3.120000,2.896693,3524000
2016-06-02,3.100000,3.170000,3.030000,3.100000,2.878124,3505000
2016-06-03,3.310000,3.510000,3.260000,3.500000,3.249496,7923900
2016-06-06,3.460000,3.620000,3.380000,3.570000,3.314485,4175600
2016-06-07,3.500000,3.630000,3.470000,3.510000,3.258780,5065100
2016-06-08,3.700000,3.830000,3.680000,3.750000,3.481603,6952300
2016-06-09,3.700000,3.810000,3.690000,3.790000,3.518740,4076300
2016-06-10,3.800000,3.860000,3.620000,3.650000,3.388760,3871900
2016-06-13,3.780000,3.810000,3.410000,3.510000,3.258780,6658400
2016-06-14,3.620000,3.640000,3.430000,3.520000,3.268064,4434000
2016-06-15,3.560000,3.710000,3.490000,3.640000,3.379476,5722400
2016-06-16,3.830000,3.850000,3.410000,3.420000,3.175222,9317300
2016-06-17,3.490000,3.530000,3.310000,3.480000,3.230927,23625600
2016-06-20,3.320000,3.500000,3.310000,3.460000,3.212359,3198000
2016-06-21,3.270000,3.330000,3.150000,3.200000,2.970968,5277400
2016-06-22,3.270000,3.480000,3.260000,3.480000,3.230927,6348100
2016-06-23,3.320000,3.400000,3.290000,3.340000,3.100947,4379900
2016-06-24,3.720000,3.750000,3.560000,3.620000,3.360907,7236800
2016-06-27,3.690000,3.730000,3.360000,3.470000,3.221643,7196800
2016-06-28,3.400000,3.490000,3.350000,3.360000,3.119516,3650600
2016-06-29,3.480000,3.640000,3.430000,3.600000,3.342339,5579100
2016-06-30,3.650000,3.670000,3.520000,3.610000,3.351622,3107800
2016-07-01,3.760000,3.920000,3.740000,3.890000,3.611582,6570500
2016-07-05,4.060000,4.130000,3.990000,4.100000,3.806552,7112900
2016-07-06,4.310000,4.420000,4.240000,4.320000,4.010806,7601000
2016-07-07,4.270000,4.360000,4.160000,4.250000,3.945817,5070000
2016-07-08,4.210000,4.470000,4.190000,4.460000,4.140786,5325700
2016-07-11,4.370000,4.540000,4.360000,4.530000,4.205776,4837400
2016-07-12,4.480000,4.520000,4.280000,4.300000,3.992237,6299000
2016-07-13,4.400000,4.720000,4.390000,4.660000,4.326471,6580600
2016-07-14,4.440000,4.590000,4.360000,4.500000,4.177923,5414600
2016-07-15,4.400000,4.580000,4.390000,4.510000,4.187208,5111700
2016-07-18,4.470000,4.550000,4.420000,4.490000,4.168638,4177700
2016-07-19,4.490000,4.530000,4.460000,4.500000,4.177923,2848600
2016-07-20,4.380000,4.390000,4.050000,4.100000,3.806552,6349900
2016-07-21,4.210000,4.380000,4.200000,4.330000,4.020090,2933400
2016-07-22,4.300000,4.350000,4.250000,4.320000,4.010806,3018800
2016-07-25,4.190000,4.230000,4.000000,4.030000,3.741562,3997800
2016-07-26,4.150000,4.290000,4.130000,4.230000,3.927248,3755500
2016-07-27,4.300000,4.550000,4.200000,4.480000,4.159354,5437300
2016-07-28,4.490000,4.530000,4.370000,4.420000,4.103650,4733600
2016-07-29,4.450000,4.620000,4.420000,4.570000,4.242913,5050200
2016-08-01,4.560000,4.810000,4.480000,4.810000,4.465736,6334100
2016-08-02,4.860000,4.870000,4.720000,4.760000,4.419314,5275000
2016-08-03,4.740000,4.740000,4.600000,4.630000,4.298619,2138200
2016-08-04,4.690000,4.790000,4.670000,4.780000,4.437883,2616000
2016-08-05,4.610000,4.620000,4.440000,4.500000,4.177923,4137000
2016-08-08,4.430000,4.560000,4.400000,4.500000,4.177923,3380400
2016-08-09,4.530000,4.620000,4.520000,4.550000,4.224345,2617200
2016-08-10,4.700000,4.700000,4.570000,4.650000,4.317187,3107500
2016-08-11,4.650000,4.680000,4.540000,4.550000,4.224345,3015300
2016-08-12,4.610000,4.650000,4.430000,4.470000,4.150070,3849200
2016-08-15,4.500000,4.550000,4.420000,4.460000,4.140786,3208900
2016-08-16,4.420000,4.420000,4.290000,4.310000,4.001522,3453200
2016-08-17,4.350000,4.390000,3.940000,4.100000,3.806552,8148600
2016-08-18,4.170000,4.190000,4.040000,4.130000,3.834405,3971700
2016-08-19,4.050000,4.140000,4.030000,4.100000,3.806552,4706400
2016-08-22,4.010000,4.110000,3.990000,4.050000,3.760131,4107100
2016-08-23,4.050000,4.120000,4.000000,4.000000,3.713709,2821400
2016-08-24,3.990000,4.030000,3.720000,3.720000,3.453749,4035800
2016-08-25,3.880000,4.010000,3.760000,3.930000,3.648720,4532200
2016-08-26,4.000000,4.110000,3.830000,3.870000,3.593013,6455200
2016-08-29,3.820000,3.910000,3.800000,3.840000,3.565161,2538100
2016-08-30,3.770000,3.830000,3.610000,3.650000,3.388760,4671100
2016-08-31,3.660000,3.730000,3.520000,3.530000,3.277348,5191200
2016-09-01,3.600000,3.930000,3.550000,3.920000,3.639435,7222900
2016-09-02,3.910000,4.020000,3.790000,4.020000,3.732278,9611900
2016-09-06,3.850000,4.140000,3.830000,4.120000,3.825121,6861900
2016-09-07,4.070000,4.090000,3.820000,3.940000,3.658004,5503300
2016-09-08,3.900000,3.980000,3.800000,3.830000,3.555877,3017600
2016-09-09,3.770000,3.790000,3.600000,3.600000,3.342339,4813900
2016-09-12,3.590000,3.900000,3.550000,3.850000,3.574445,6358500
2016-09-13,3.720000,3.770000,3.460000,3.530000,3.277348,6363000
2016-09-14,3.620000,3.720000,3.520000,3.540000,3.321446,3772000
2016-09-15,3.520000,3.590000,3.410000,3.480000,3.265151,4114900
2016-09-16,3.410000,3.470000,3.270000,3.350000,3.143177,19382000
2016-09-19,3.430000,3.450000,3.360000,3.380000,3.171325,2525200
2016-09-20,3.350000,3.380000,3.300000,3.370000,3.161942,1855500
2016-09-21,3.420000,3.820000,3.420000,3.770000,3.537247,6985700
2016-09-22,3.720000,3.770000,3.540000,3.550000,3.330829,4510300
2016-09-23,3.560000,3.630000,3.450000,3.500000,3.283916,3046300
2016-09-26,3.520000,3.600000,3.420000,3.450000,3.237003,2227000
2016-09-27,3.450000,3.490000,3.380000,3.440000,3.227621,2546100
2016-09-28,3.460000,3.600000,3.370000,3.570000,3.349594,3098800
2016-09-29,3.450000,3.580000,3.420000,3.560000,3.340212,3447100
2016-09-30,3.600000,3.620000,3.470000,3.490000,3.274534,2575800
2016-10-03,3.490000,3.510000,3.430000,3.490000,3.274534,1901100
2016-10-04,3.240000,3.260000,3.100000,3.120000,2.927377,6006600
2016-10-05,3.120000,3.180000,3.010000,3.170000,2.974290,3153500
2016-10-06,2.990000,3.090000,2.940000,3.000000,2.814785,4996300
2016-10-07,3.060000,3.090000,2.930000,3.000000,2.814785,5086400
2016-10-10,2.940000,2.990000,2.910000,2.980000,2.796020,2812600
2016-10-11,2.960000,2.990000,2.850000,2.850000,2.674046,3924800
2016-10-12,2.910000,2.970000,2.870000,2.910000,2.730342,2697100
2016-10-13,2.980000,3.080000,2.920000,2.990000,2.805403,3553800
2016-10-14,2.990000,3.040000,2.930000,2.940000,2.758490,2236400
2016-10-17,2.960000,3.050000,2.950000,3.020000,2.833551,1961100
2016-10-18,3.120000,3.240000,3.090000,3.230000,3.030586,3170800
2016-10-19,3.300000,3.370000,3.200000,3.300000,3.096264,3989900
2016-10-20,3.290000,3.300000,3.190000,3.200000,3.002438,3637300
2016-10-21,3.200000,3.240000,3.160000,3.180000,2.983673,1678900
2016-10-24,3.220000,3.240000,3.020000,3.040000,2.852316,2712700
2016-10-25,3.100000,3.260000,3.080000,3.190000,2.993055,3903500
2016-10-26,3.190000,3.210000,3.060000,3.130000,2.936760,2573400
2016-10-27,3.140000,3.160000,3.030000,3.080000,2.889846,3339900
2016-10-28,3.040000,3.170000,2.980000,3.070000,2.880463,3377100
2016-10-31,3.090000,3.180000,3.040000,3.170000,2.974290,2451000
2016-11-01,3.270000,3.420000,3.240000,3.340000,3.133795,3986400
2016-11-02,3.380000,3.510000,3.220000,3.280000,3.077499,6022600
2016-11-03,3.290000,3.410000,3.260000,3.390000,3.180707,3451600
2016-11-04,3.380000,3.440000,3.330000,3.420000,3.208855,3687900
2016-11-07,3.250000,3.290000,3.130000,3.190000,2.993055,3522600
2016-11-08,3.170000,3.260000,3.060000,3.140000,2.946142,4530100
2016-11-09,3.420000,3.450000,3.130000,3.250000,3.049351,7946700
2016-11-10,3.250000,3.250000,2.930000,2.960000,2.777255,7470900
2016-11-11,2.860000,2.860000,2.470000,2.540000,2.383185,12204700
2016-11-14,2.510000,2.820000,2.490000,2.690000,2.523924,5028400
2016-11-15,2.640000,2.820000,2.590000,2.780000,2.608368,9199500
2016-11-16,2.680000,2.690000,2.550000,2.620000,2.458246,4350500
2016-11-17,2.590000,2.680000,2.430000,2.500000,2.345654,7497100
2016-11-18,2.420000,2.490000,2.390000,2.470000,2.317507,4362300
2016-11-21,2.470000,2.490000,2.410000,2.420000,2.270594,5107800
2016-11-22,2.400000,2.400000,2.290000,2.380000,2.233063,4250600
2016-11-23,2.250000,2.280000,2.150000,2.190000,2.054794,7641600
2016-11-25,2.250000,2.330000,2.240000,2.270000,2.129854,2536300
2016-11-28,2.340000,2.460000,2.300000,2.460000,2.308124,5932400
2016-11-29,2.300000,2.370000,2.270000,2.320000,2.176768,3193600
2016-11-30,2.270000,2.320000,2.240000,2.280000,2.139237,3010900
2016-12-01,2.210000,2.380000,2.190000,2.290000,2.148619,4116500
2016-12-02,2.310000,2.350000,2.250000,2.290000,2.148619,4447100
2016-12-05,2.150000,2.280000,2.100000,2.190000,2.054794,7201900
2016-12-06,2.150000,2.240000,2.150000,2.230000,2.092324,5481000
2016-12-07,2.200000,2.320000,2.180000,2.220000,2.082941,6274900
2016-12-08,2.220000,2.290000,2.190000,2.280000,2.139237,3354800
2016-12-09,2.180000,2.210000,2.080000,2.080000,1.951584,6784600
2016-12-12,2.090000,2.150000,2.050000,2.060000,1.932819,5103200
2016-12-13,2.080000,2.240000,2.060000,2.190000,2.054794,9365200
2016-12-14,2.140000,2.240000,2.000000,2.000000,1.876524,10387200
2016-12-15,1.890000,1.960000,1.860000,1.920000,1.801463,17605700
2016-12-16,1.970000,2.030000,1.890000,1.890000,1.773315,14151200
2016-12-19,1.950000,2.010000,1.920000,1.950000,1.829610,6150900
2016-12-20,1.910000,2.010000,1.890000,1.970000,1.848376,6657300
2016-12-21,1.970000,1.990000,1.910000,1.930000,1.810845,4924900
2016-12-22,1.900000,1.990000,1.900000,1.940000,1.820228,5057000
2016-12-23,1.920000,2.050000,1.910000,2.040000,1.914054,6237500
2016-12-27,2.090000,2.160000,2.060000,2.110000,1.979732,5209900
2016-12-28,2.150000,2.200000,2.070000,2.180000,2.045411,5306400
2016-12-29,2.220000,2.370000,2.200000,2.350000,2.204915,7379100
2016-12-30,2.400000,2.430000,2.200000,2.210000,2.073559,7537200
2017-01-03,2.260000,2.350000,2.240000,2.350000,2.204915,5534800
2017-01-04,2.390000,2.390000,2.290000,2.390000,2.242446,5781100
2017-01-05,2.520000,2.580000,2.450000,2.560000,2.401950,7502300
2017-01-06,2.460000,2.510000,2.300000,2.380000,2.233063,10096700
2017-01-09,2.420000,2.500000,2.400000,2.420000,2.270594,5974100
2017-01-10,2.450000,2.490000,2.370000,2.440000,2.289359,4694300
2017-01-11,2.420000,2.490000,2.360000,2.430000,2.279976,4868800
2017-01-12,2.480000,2.520000,2.360000,2.420000,2.270594,5407900
2017-01-13,2.410000,2.480000,2.360000,2.470000,2.317507,2491000
2017-01-17,2.560000,2.580000,2.510000,2.560000,2.401950,3804300
2017-01-18,2.550000,2.560000,2.420000,2.470000,2.317507,3928200
2017-01-19,2.410000,2.500000,2.390000,2.480000,2.326889,3622000
2017-01-20,2.450000,2.560000,2.410000,2.480000,2.326889,4329500
2017-01-23,2.530000,2.550000,2.480000,2.540000,2.383185,3472000
2017-01-24,2.540000,2.570000,2.440000,2.490000,2.336272,4657700
2017-01-25,2.430000,2.500000,2.400000,2.480000,2.326889,4161500
2017-01-26,2.350000,2.430000,2.350000,2.360000,2.214298,3430800
2017-01-27,2.370000,2.460000,2.360000,2.440000,2.289359,2140900
2017-01-30,2.530000,2.540000,2.440000,2.490000,2.336272,4027800
2017-01-31,2.550000,2.570000,2.490000,2.550000,2.392568,4476600
2017-02-01,2.550000,2.600000,2.500000,2.580000,2.420715,5710800
2017-02-02,2.700000,2.720000,2.600000,2.660000,2.495777,4974000
2017-02-03,2.680000,2.700000,2.630000,2.660000,2.495777,3436300
2017-02-06,2.750000,2.820000,2.630000,2.820000,2.645898,7546900
2017-02-07,2.800000,2.870000,2.720000,2.760000,2.589602,9141500
2017-02-08,2.840000,2.920000,2.750000,2.800000,2.627133,12354500
2017-02-09,2.800000,2.840000,2.690000,2.710000,2.542690,6686400
2017-02-10,2.700000,2.770000,2.680000,2.750000,2.580220,5552800
2017-02-13,2.720000,2.740000,2.650000,2.690000,2.523924,5813600
2017-02-14,2.750000,2.800000,2.690000,2.770000,2.598985,5686700
2017-02-15,2.780000,2.870000,2.740000,2.850000,2.674046,4743600
2017-02-16,2.870000,2.990000,2.850000,2.980000,2.796020,6893600
2017-02-17,2.900000,2.960000,2.770000,2.780000,2.608368,6905300
2017-02-21,2.720000,2.800000,2.660000,2.720000,2.552072,5134700
2017-02-22,2.670000,2.680000,2.540000,2.630000,2.467628,7696400
2017-02-23,2.700000,2.790000,2.700000,2.770000,2.598985,6594400
2017-02-24,2.800000,2.820000,2.620000,2.670000,2.505159,5434100
2017-02-27,2.630000,2.730000,2.400000,2.450000,2.298741,8097000
2017-02-28,2.510000,2.570000,2.460000,2.500000,2.345654,4373300
2017-03-01,2.420000,2.570000,2.390000,2.560000,2.401950,5550300
2017-03-02,2.460000,2.550000,2.390000,2.390000,2.242446,6165400
2017-03-03,2.340000,2.450000,2.280000,2.380000,2.233063,8373300
2017-03-06,2.310000,2.310000,2.160000,2.180000,2.045411,6005600
2017-03-07,2.160000,2.320000,2.130000,2.200000,2.064176,6372900
2017-03-08,2.150000,2.250000,2.140000,2.190000,2.054794,5031000
2017-03-09,2.200000,2.210000,2.060000,2.080000,1.951584,5494500
2017-03-10,2.130000,2.230000,2.100000,2.210000,2.073559,4619700
2017-03-13,2.210000,2.340000,2.200000,2.310000,2.167385,6437800
2017-03-14,2.310000,2.380000,2.220000,2.230000,2.092324,5065800
2017-03-15,2.230000,2.530000,2.210000,2.480000,2.367228,8615800
2017-03-16,2.510000,2.530000,2.370000,2.400000,2.290866,6791700
2017-03-17,2.340000,2.420000,2.240000,2.270000,2.166777,11073800
2017-03-20,2.320000,2.440000,2.310000,2.420000,2.309956,3847300
2017-03-21,2.440000,2.510000,2.430000,2.460000,2.348137,5788300
2017-03-22,2.460000,2.490000,2.400000,2.450000,2.338592,3389900
2017-03-23,2.480000,2.490000,2.320000,2.340000,2.233594,5687600
2017-03-24,2.360000,2.460000,2.330000,2.400000,2.290866,3834900
2017-03-27,2.520000,2.540000,2.460000,2.490000,2.376773,4257500
2017-03-28,2.480000,2.500000,2.330000,2.380000,2.271775,4473000
2017-03-29,2.390000,2.440000,2.360000,2.400000,2.290866,2654900
2017-03-30,2.380000,2.390000,2.280000,2.340000,2.233594,3406600
2017-03-31,2.420000,2.510000,2.400000,2.450000,2.338592,6778500
2017-04-03,2.470000,2.620000,2.470000,2.620000,2.500861,7970100
2017-04-04,2.650000,2.650000,2.540000,2.630000,2.510407,4501200
2017-04-05,2.550000,2.710000,2.550000,2.690000,2.567678,6309400
2017-04-06,2.670000,2.690000,2.600000,2.670000,2.548588,3324100
2017-04-07,2.730000,2.750000,2.580000,2.650000,2.529497,5596300
2017-04-10,2.600000,2.640000,2.570000,2.640000,2.519953,3795300
2017-04-11,2.700000,2.780000,2.690000,2.780000,2.653586,6623900
2017-04-12,2.780000,2.780000,2.690000,2.750000,2.624950,3741600
2017-04-13,2.700000,2.770000,2.640000,2.690000,2.567678,6457600
2017-04-17,2.710000,2.710000,2.560000,2.610000,2.491316,5548900
2017-04-18,2.610000,2.640000,2.550000,2.580000,2.462680,4988400
2017-04-19,2.540000,2.550000,2.350000,2.410000,2.300411,8429500
2017-04-20,2.390000,2.440000,2.360000,2.410000,2.300411,4920500
2017-04-21,2.410000,2.410000,2.360000,2.380000,2.271775,3803100
2017-04-24,2.290000,2.350000,2.260000,2.290000,2.185867,5968900
2017-04-25,2.270000,2.280000,2.170000,2.200000,2.099960,7591500
2017-04-26,2.190000,2.250000,2.100000,2.250000,2.147686,8846400
2017-04-27,2.240000,2.240000,2.140000,2.180000,2.080870,5323900
2017-04-28,2.190000,2.220000,2.160000,2.180000,2.080870,5042500
2017-05-01,2.150000,2.170000,2.070000,2.070000,1.975871,4551400
2017-05-02,2.120000,2.180000,2.110000,2.150000,2.052234,5510800
2017-05-03,2.170000,2.260000,2.140000,2.190000,2.090415,7523100
2017-05-04,2.160000,2.180000,2.100000,2.110000,2.014052,4821200
2017-05-05,2.150000,2.220000,2.120000,2.160000,2.061779,3903000
2017-05-08,2.160000,2.180000,2.120000,2.160000,2.061779,2521300
2017-05-09,2.130000,2.210000,2.110000,2.180000,2.080870,3415700
2017-05-10,2.180000,2.240000,2.160000,2.210000,2.109505,3511000
2017-05-11,2.210000,2.280000,2.200000,2.280000,2.176322,4686500
2017-05-12,2.300000,2.330000,2.270000,2.310000,2.204958,4680300
2017-05-15,2.340000,2.340000,2.250000,2.300000,2.195413,3556200
2017-05-16,2.270000,2.320000,2.230000,2.260000,2.157232,4201800
2017-05-17,2.370000,2.380000,2.300000,2.340000,2.233594,5786200
2017-05-18,2.370000,2.380000,2.260000,2.270000,2.166777,5260200
2017-05-19,2.320000,2.350000,2.250000,2.280000,2.176322,5301900
2017-05-22,2.290000,2.350000,2.290000,2.340000,2.233594,4573300
2017-05-23,2.340000,2.390000,2.210000,2.220000,2.119051,5603200
2017-05-24,2.200000,2.240000,2.110000,2.200000,2.099960,7626700
2017-05-25,2.170000,2.170000,2.110000,2.160000,2.061779,4252600
2017-05-26,2.160000,2.180000,2.120000,2.130000,2.033143,3634100
2017-05-30,2.080000,2.090000,2.020000,2.050000,1.956781,4540800
2017-05-31,2.030000,2.030000,1.960000,2.000000,1.909055,5342100
2017-06-01,1.920000,1.960000,1.890000,1.910000,1.823147,5623800
2017-06-02,1.910000,1.960000,1.880000,1.930000,1.842238,4577200
2017-06-05,1.940000,1.940000,1.870000,1.910000,1.823147,3731800
2017-06-06,1.950000,2.080000,1.950000,2.080000,1.985417,7420700
2017-06-07,2.030000,2.050000,1.970000,2.000000,1.909055,5521100
2017-06-08,1.960000,1.970000,1.920000,1.940000,1.851783,4143200
2017-06-09,1.900000,1.920000,1.850000,1.860000,1.775421,5588500
2017-06-12,1.880000,1.930000,1.870000,1.900000,1.813602,3799900
2017-06-13,1.860000,1.930000,1.860000,1.910000,1.823147,3676000
2017-06-14,1.950000,1.960000,1.760000,1.800000,1.718149,9081600
2017-06-15,1.800000,1.820000,1.750000,1.800000,1.718149,4153700
2017-06-16,1.800000,1.810000,1.680000,1.680000,1.603606,29706800
2017-06-19,1.690000,1.740000,1.650000,1.670000,1.594061,6969400
2017-06-20,1.650000,1.660000,1.580000,1.590000,1.517699,5815500
2017-06-21,1.610000,1.640000,1.600000,1.630000,1.555880,3478100
2017-06-22,1.660000,1.660000,1.590000,1.620000,1.546334,5255300
2017-06-23,1.660000,1.700000,1.650000,1.700000,1.622696,4186200
2017-06-26,1.640000,1.710000,1.630000,1.690000,1.613151,1814500
2017-06-27,1.690000,1.710000,1.660000,1.670000,1.594061,2381100
2017-06-28,1.660000,1.680000,1.620000,1.650000,1.574970,1512700
2017-06-29,1.590000,1.650000,1.590000,1.620000,1.546334,2562000
2017-06-30,1.640000,1.700000,1.620000,1.650000,1.574970,4282000
2017-07-03,1.580000,1.630000,1.560000,1.610000,1.536789,2549300
2017-07-05,1.610000,1.660000,1.580000,1.640000,1.565425,3291300
2017-07-06,1.650000,1.660000,1.610000,1.640000,1.565425,3786500
2017-07-07,1.610000,1.620000,1.580000,1.590000,1.517699,2423700
2017-07-10,1.580000,1.660000,1.580000,1.660000,1.584515,3360800
2017-07-11,1.620000,1.690000,1.620000,1.690000,1.613151,2825900
2017-07-12,1.720000,1.750000,1.710000,1.740000,1.660877,3539800
2017-07-13,1.710000,1.720000,1.650000,1.680000,1.603606,2564500
2017-07-14,1.740000,1.750000,1.700000,1.720000,1.641787,2163700
2017-07-17,1.750000,1.760000,1.730000,1.750000,1.670423,1849100
2017-07-18,1.780000,1.790000,1.720000,1.730000,1.651332,1731900
2017-07-19,1.740000,1.760000,1.700000,1.750000,1.670423,1496500
2017-07-20,1.720000,1.750000,1.700000,1.720000,1.641787,2328800
2017-07-21,1.760000,1.770000,1.720000,1.740000,1.660877,1764100
2017-07-24,1.740000,1.740000,1.660000,1.670000,1.594061,2527500
2017-07-25,1.660000,1.700000,1.660000,1.690000,1.613151,1701500
2017-07-26,1.700000,1.770000,1.680000,1.750000,1.670423,2780000
2017-07-27,1.750000,1.760000,1.710000,1.710000,1.632242,2460700
2017-07-28,1.730000,1.770000,1.730000,1.770000,1.689513,1867600
2017-07-31,1.790000,1.830000,1.790000,1.810000,1.727694,1897300
2017-08-01,1.810000,1.840000,1.800000,1.820000,1.737240,1814400
2017-08-02,1.770000,1.790000,1.730000,1.770000,1.689513,2920800
2017-08-03,1.760000,1.780000,1.720000,1.740000,1.660877,2133800
2017-08-04,1.730000,1.750000,1.710000,1.730000,1.651332,3420000
2017-08-07,1.720000,1.720000,1.650000,1.670000,1.594061,2344900
2017-08-08,1.700000,1.750000,1.690000,1.730000,1.651332,2115600
2017-08-09,1.750000,1.820000,1.750000,1.790000,1.708604,3023300
2017-08-10,1.830000,1.830000,1.790000,1.820000,1.737240,3599700
2017-08-11,1.840000,1.880000,1.820000,1.860000,1.775421,3492900
2017-08-14,1.850000,1.850000,1.750000,1.770000,1.689513,3291700
2017-08-15,1.750000,1.770000,1.720000,1.750000,1.670423,2494300
2017-08-16,1.750000,1.770000,1.710000,1.720000,1.641787,3981000
2017-08-17,1.770000,1.810000,1.750000,1.780000,1.699058,2860200
2017-08-18,1.910000,1.940000,1.830000,1.870000,1.784966,5906900
2017-08-21,1.900000,1.930000,1.870000,1.890000,1.804057,2437800
2017-08-22,1.890000,1.910000,1.800000,1.810000,1.727694,2799100
2017-08-23,1.840000,1.870000,1.830000,1.850000,1.765876,2751300
2017-08-24,1.860000,1.870000,1.820000,1.830000,1.746785,1546800
2017-08-25,1.860000,1.880000,1.790000,1.800000,1.718149,3857900
2017-08-28,1.840000,1.900000,1.840000,1.880000,1.794511,4576500
2017-08-29,1.970000,2.010000,1.940000,1.980000,1.889964,6474700
2017-08-30,1.950000,1.980000,1.920000,1.970000,1.880419,2117000
2017-08-31,1.970000,2.070000,1.950000,2.060000,1.966326,3479200
2017-09-01,2.080000,2.090000,2.010000,2.030000,1.937690,2921000
2017-09-05,2.090000,2.190000,2.080000,2.170000,2.071324,5490300
2017-09-06,2.160000,2.160000,2.050000,2.070000,1.975871,3622100
2017-09-07,2.110000,2.130000,2.080000,2.110000,2.014052,3316400
2017-09-08,2.120000,2.130000,2.030000,2.070000,1.975871,3002200
2017-09-11,2.000000,2.070000,1.990000,2.030000,1.937690,5388200
2017-09-12,2.010000,2.060000,1.990000,2.030000,1.937690,3286300
2017-09-13,2.030000,2.050000,2.000000,2.020000,1.928145,3210000
2017-09-14,1.990000,2.100000,1.980000,2.080000,1.985417,3472200
2017-09-15,2.080000,2.140000,2.070000,2.140000,2.042689,12023100
2017-09-18,2.050000,2.060000,1.980000,1.990000,1.899509,4523000
2017-09-19,1.980000,2.040000,1.970000,1.990000,1.899509,2835600
2017-09-20,1.990000,2.000000,1.880000,1.890000,1.804057,4221000
2017-09-21,1.860000,1.880000,1.820000,1.820000,1.737240,3570000
2017-09-22,1.850000,1.900000,1.840000,1.860000,1.775421,2233700
2017-09-25,1.870000,1.970000,1.850000,1.950000,1.861328,2493400
2017-09-26,1.900000,1.920000,1.850000,1.850000,1.765876,2616200
2017-09-27,1.790000,1.850000,1.780000,1.820000,1.737240,2686300
2017-09-28,1.800000,1.840000,1.800000,1.820000,1.737240,1576500
2017-09-29,1.840000,1.860000,1.810000,1.830000,1.746785,1740400
2017-10-02,1.790000,1.820000,1.790000,1.800000,1.718149,1936900
2017-10-03,1.800000,1.870000,1.800000,1.840000,1.756330,2045600
2017-10-04,1.880000,1.880000,1.830000,1.840000,1.756330,2049300
2017-10-05,1.830000,1.850000,1.820000,1.830000,1.746785,1364200
2017-10-06,1.810000,1.900000,1.790000,1.890000,1.804057,3262900
2017-10-09,1.890000,1.920000,1.860000,1.920000,1.832692,1957400
2017-10-10,1.920000,1.920000,1.880000,1.900000,1.813602,1869700
2017-10-11,1.900000,1.910000,1.850000,1.900000,1.813602,2542500
2017-10-12,1.940000,1.940000,1.870000,1.870000,1.810697,3458400
2017-10-13,1.880000,1.880000,1.850000,1.880000,1.820380,2707500
2017-10-16,1.870000,1.880000,1.800000,1.810000,1.752600,3415700
2017-10-17,1.800000,1.810000,1.760000,1.790000,1.733234,2990800
2017-10-18,1.760000,1.790000,1.760000,1.760000,1.704185,4428900
2017-10-19,1.710000,1.750000,1.680000,1.690000,1.636405,4609400
2017-10-20,1.660000,1.670000,1.650000,1.660000,1.607357,2834300
2017-10-23,1.650000,1.660000,1.610000,1.620000,1.568625,4155700
2017-10-24,1.650000,1.670000,1.610000,1.620000,1.568625,3793900
2017-10-25,1.700000,1.710000,1.640000,1.660000,1.607357,4129200
2017-10-26,1.740000,1.740000,1.670000,1.700000,1.646088,4845300
2017-10-27,1.720000,1.770000,1.710000,1.750000,1.694503,2854900
2017-10-30,1.770000,1.790000,1.750000,1.780000,1.723551,1613000
2017-10-31,1.770000,1.770000,1.710000,1.730000,1.675137,1990000
2017-11-01,1.770000,1.820000,1.740000,1.800000,1.742917,4057700
2017-11-02,1.800000,1.820000,1.750000,1.810000,1.752600,3511700
2017-11-03,1.790000,1.800000,1.750000,1.770000,1.713868,1977900
2017-11-06,1.770000,1.850000,1.770000,1.840000,1.781649,2547500
2017-11-07,1.800000,1.810000,1.750000,1.760000,1.704185,2716900
2017-11-08,1.800000,1.840000,1.800000,1.820000,1.762283,2430800
2017-11-09,1.820000,1.840000,1.790000,1.830000,1.771966,2961600
2017-11-10,1.850000,1.870000,1.820000,1.830000,1.771966,2113700
2017-11-13,1.830000,1.850000,1.790000,1.800000,1.742917,1591200
2017-11-14,1.770000,1.830000,1.760000,1.800000,1.742917,1753800
2017-11-15,1.850000,1.850000,1.790000,1.820000,1.762283,1752400
2017-11-16,1.830000,1.830000,1.810000,1.830000,1.771966,922000
2017-11-17,1.830000,1.850000,1.800000,1.830000,1.771966,3374700
2017-11-20,1.760000,1.800000,1.740000,1.780000,1.723551,2666200
2017-11-21,1.760000,1.800000,1.760000,1.760000,1.704185,1371500
2017-11-22,1.780000,1.820000,1.770000,1.810000,1.752600,2054200
2017-11-24,1.810000,1.820000,1.770000,1.790000,1.733234,844600
2017-11-27,1.800000,1.860000,1.780000,1.860000,1.801014,2752900
2017-11-28,1.790000,1.830000,1.780000,1.820000,1.762283,2190600
2017-11-29,1.780000,1.840000,1.770000,1.820000,1.762283,2755300
2017-11-30,1.850000,1.890000,1.830000,1.840000,1.781649,3734100
2017-12-01,1.830000,1.880000,1.820000,1.830000,1.771966,1768500
2017-12-04,1.820000,1.850000,1.810000,1.830000,1.771966,1653100
2017-12-05,1.780000,1.790000,1.760000,1.780000,1.723551,2074400
2017-12-06,1.690000,1.710000,1.660000,1.670000,1.617040,4166200
2017-12-07,1.640000,1.690000,1.630000,1.680000,1.626722,1749500
2017-12-08,1.790000,1.800000,1.720000,1.730000,1.675137,1930300
2017-12-11,1.700000,1.750000,1.690000,1.690000,1.636405,1744700
2017-12-12,1.670000,1.700000,1.640000,1.650000,1.597674,2414000
2017-12-13,1.650000,1.780000,1.650000,1.740000,1.684820,2990600
2017-12-14,1.750000,1.770000,1.720000,1.760000,1.704185,1433700
2017-12-15,1.750000,1.820000,1.750000,1.800000,1.742917,5584100
2017-12-18,1.820000,1.880000,1.780000,1.790000,1.733234,2843200
2017-12-19,1.700000,1.730000,1.700000,1.720000,1.665454,1972200
2017-12-20,1.770000,1.790000,1.750000,1.780000,1.723551,2288800
2017-12-21,1.780000,1.820000,1.760000,1.810000,1.752600,1984100
2017-12-22,1.850000,1.870000,1.810000,1.840000,1.781649,1886200
2017-12-26,1.860000,1.880000,1.840000,1.850000,1.791331,1874200
2017-12-27,1.860000,1.880000,1.830000,1.880000,1.820380,1497100
2017-12-28,1.880000,1.890000,1.830000,1.850000,1.791331,1833900
2017-12-29,1.850000,1.890000,1.830000,1.870000,1.810697,2247300
2018-01-02,1.890000,1.920000,1.880000,1.900000,1.839746,2366600
2018-01-03,1.920000,1.930000,1.850000,1.900000,1.839746,3235300
2018-01-04,1.900000,1.920000,1.850000,1.890000,1.830063,2904300
2018-01-05,1.870000,1.880000,1.830000,1.850000,1.791331,1569600
2018-01-08,1.870000,1.870000,1.760000,1.760000,1.704185,3304100
2018-01-09,1.760000,1.790000,1.730000,1.760000,1.704185,2419300
2018-01-10,1.800000,1.820000,1.780000,1.800000,1.742917,1936800
2018-01-11,1.800000,1.810000,1.780000,1.780000,1.723551,1632100
2018-01-12,1.810000,1.840000,1.800000,1.830000,1.771966,2428100
2018-01-16,1.790000,1.810000,1.730000,1.770000,1.713868,6578700
2018-01-17,1.770000,1.800000,1.740000,1.750000,1.694503,2821000
2018-01-18,1.740000,1.760000,1.680000,1.690000,1.636405,6390800
2018-01-19,1.730000,1.760000,1.710000,1.730000,1.675137,3148500
2018-01-22,1.770000,1.780000,1.700000,1.710000,1.655771,3155700
2018-01-23,1.700000,1.770000,1.700000,1.750000,1.694503,4231300
2018-01-24,1.780000,1.790000,1.750000,1.770000,1.713868,3510600
2018-01-25,1.800000,1.800000,1.720000,1.730000,1.675137,8006200
2018-01-26,1.770000,1.780000,1.720000,1.730000,1.675137,2258000
2018-01-29,1.720000,1.740000,1.670000,1.680000,1.626722,3936700
2018-01-30,1.670000,1.700000,1.630000,1.670000,1.617040,9110700
2018-01-31,1.710000,1.790000,1.690000,1.770000,1.713868,7850300
2018-02-01,1.730000,1.760000,1.710000,1.730000,1.675137,3858600
2018-02-02,1.700000,1.710000,1.650000,1.670000,1.617040,5816400
2018-02-05,1.660000,1.790000,1.640000,1.750000,1.694503,5499500
2018-02-06,1.710000,1.780000,1.690000,1.710000,1.655771,7455600
2018-02-07,1.650000,1.740000,1.650000,1.710000,1.655771,5902600
2018-02-08,1.680000,1.740000,1.670000,1.720000,1.665454,8545200
2018-02-09,1.790000,1.790000,1.660000,1.710000,1.655771,6852900
2018-02-12,1.720000,1.880000,1.720000,1.830000,1.771966,9486900
2018-02-13,1.800000,1.870000,1.760000,1.860000,1.801014,5805200
2018-02-14,1.940000,2.090000,1.920000,2.080000,2.014037,11937400
2018-02-15,2.100000,2.140000,2.020000,2.120000,2.052769,6877000
2018-02-16,2.120000,2.180000,2.050000,2.120000,2.052769,9226500
2018-02-20,2.050000,2.100000,2.030000,2.060000,1.994671,5079700
2018-02-21,2.060000,2.180000,2.050000,2.070000,2.004354,5746600
2018-02-22,2.080000,2.140000,2.060000,2.120000,2.052769,5748600
2018-02-23,2.070000,2.140000,2.030000,2.110000,2.043086,6100900
2018-02-26,2.110000,2.170000,2.100000,2.160000,2.091501,5024300
2018-02-27,2.120000,2.140000,2.050000,2.100000,2.033403,6535700
2018-02-28,2.060000,2.120000,2.040000,2.080000,2.014037,5928500
2018-03-01,2.070000,2.190000,2.040000,2.160000,2.091501,5012100
2018-03-02,2.210000,2.220000,2.130000,2.150000,2.081817,7601800
2018-03-05,2.130000,2.240000,2.130000,2.220000,2.149597,6965800
2018-03-06,2.240000,2.300000,2.220000,2.270000,2.198012,7527700
2018-03-07,2.230000,2.270000,2.120000,2.140000,2.072135,10689800
2018-03-08,2.140000,2.350000,2.100000,2.290000,2.217377,9677400
2018-03-09,2.270000,2.280000,2.170000,2.200000,2.130232,10565900
2018-03-12,2.170000,2.280000,2.170000,2.250000,2.178646,7174900
2018-03-13,2.250000,2.250000,2.190000,2.200000,2.130232,4754200
2018-03-14,2.210000,2.220000,2.110000,2.140000,2.072135,7201200
2018-03-15,2.280000,2.320000,2.190000,2.230000,2.159280,7395400
2018-03-16,2.200000,2.200000,2.090000,2.130000,2.062452,11953200
2018-03-19,2.120000,2.270000,2.100000,2.220000,2.149597,5364200
2018-03-20,2.170000,2.260000,2.170000,2.240000,2.168963,6383000
2018-03-21,2.250000,2.290000,2.220000,2.250000,2.178646,3417900
2018-03-22,2.260000,2.340000,2.260000,2.340000,2.265792,4198100
2018-03-23,2.360000,2.380000,2.310000,2.330000,2.256109,8590300
2018-03-26,2.310000,2.530000,2.300000,2.500000,2.420718,9117300
2018-03-27,2.430000,2.500000,2.340000,2.480000,2.401352,6516700
2018-03-28,2.360000,2.450000,2.320000,2.400000,2.323889,5325600
2018-03-29,2.370000,2.440000,2.350000,2.390000,2.314206,3115000
2018-04-02,2.410000,2.510000,2.380000,2.480000,2.401352,4497800
2018-04-03,2.440000,2.450000,2.400000,2.410000,2.333572,2910300
2018-04-04,2.430000,2.450000,2.290000,2.310000,2.236743,4115500
2018-04-05,2.270000,2.350000,2.270000,2.350000,2.275475,1975200
2018-04-06,2.430000,2.430000,2.400000,2.430000,2.352938,3046000
2018-04-09,2.430000,2.430000,2.330000,2.340000,2.265792,3607800
2018-04-10,2.290000,2.320000,2.290000,2.290000,2.217377,2354300
2018-04-11,2.290000,2.350000,2.260000,2.310000,2.236743,8646800
2018-04-12,2.240000,2.250000,2.110000,2.130000,2.062452,6414000
2018-04-13,2.150000,2.180000,2.060000,2.090000,2.023720,4743200
2018-04-16,2.080000,2.110000,1.970000,2.010000,1.946257,6179600
2018-04-17,2.010000,2.030000,1.970000,1.980000,1.917209,3767900
2018-04-18,2.000000,2.040000,1.960000,1.980000,1.917209,4538400
2018-04-19,2.040000,2.050000,1.960000,2.000000,1.936574,4069100
2018-04-20,1.960000,1.990000,1.940000,1.970000,1.907526,3793200
2018-04-23,1.940000,1.980000,1.920000,1.930000,1.868794,2578100
2018-04-24,1.930000,1.970000,1.930000,1.940000,1.878477,1979600
2018-04-25,2.030000,2.030000,1.950000,1.970000,1.907526,2965400
2018-04-26,2.050000,2.090000,2.010000,2.050000,1.984989,7350600
2018-04-27,2.050000,2.070000,2.020000,2.070000,2.004354,1986700
2018-04-30,2.040000,2.070000,2.020000,2.030000,1.965623,2484500
2018-05-01,2.030000,2.050000,1.950000,2.020000,1.955940,2676800
2018-05-02,2.030000,2.110000,2.020000,2.050000,1.984989,5931700
2018-05-03,2.070000,2.110000,2.050000,2.070000,2.004354,3011100
2018-05-04,2.050000,2.060000,2.000000,2.030000,1.965623,1924800
2018-05-07,2.030000,2.050000,1.970000,1.980000,1.917209,2099300
2018-05-08,1.980000,2.030000,1.960000,1.990000,1.926892,3143400
2018-05-09,1.970000,1.970000,1.910000,1.930000,1.868794,7821800
2018-05-10,1.910000,1.940000,1.880000,1.930000,1.868794,3145000
2018-05-11,1.920000,1.970000,1.900000,1.920000,1.859111,2401000
2018-05-14,1.940000,1.940000,1.890000,1.900000,1.839746,1918700
2018-05-15,1.880000,1.890000,1.840000,1.850000,1.791331,2752000
2018-05-16,1.830000,1.840000,1.770000,1.780000,1.723551,3588300
2018-05-17,1.770000,1.820000,1.770000,1.800000,1.742917,1755600
2018-05-18,1.760000,1.820000,1.750000,1.780000,1.723551,3769700
2018-05-21,1.760000,1.780000,1.750000,1.750000,1.694503,2226100
2018-05-22,1.760000,1.780000,1.740000,1.750000,1.694503,3544600
2018-05-23,1.740000,1.770000,1.730000,1.750000,1.694503,1510300
2018-05-24,1.760000,1.800000,1.750000,1.790000,1.733234,2262600
2018-05-25,1.760000,1.790000,1.760000,1.790000,1.733234,2237900
2018-05-29,1.700000,1.770000,1.700000,1.720000,1.665454,5423900
2018-05-30,1.730000,1.740000,1.700000,1.700000,1.646088,2825000
2018-05-31,1.710000,1.730000,1.700000,1.700000,1.646088,1783600
2018-06-01,1.700000,1.750000,1.700000,1.710000,1.655771,2320000
2018-06-04,1.720000,1.730000,1.690000,1.700000,1.646088,1588000
2018-06-05,1.680000,1.730000,1.600000,1.640000,1.587991,8768300
2018-06-06,1.600000,1.680000,1.590000,1.650000,1.597674,9127700
2018-06-07,1.630000,1.640000,1.580000,1.590000,1.539577,8675200
2018-06-08,1.600000,1.620000,1.590000,1.600000,1.549260,6491300
2018-06-11,1.580000,1.600000,1.560000,1.590000,1.539577,8563200
2018-06-12,1.560000,1.610000,1.560000,1.580000,1.529894,4923300
2018-06-13,1.570000,1.640000,1.560000,1.620000,1.568625,9432200
2018-06-14,1.590000,1.620000,1.560000,1.560000,1.510528,5838700
2018-06-15,1.590000,1.610000,1.520000,1.580000,1.529894,12894200
2018-06-18,1.580000,1.590000,1.540000,1.560000,1.510528,5576300
2018-06-19,1.580000,1.610000,1.570000,1.600000,1.549260,3391600
2018-06-20,1.610000,1.650000,1.590000,1.590000,1.539577,5707500
2018-06-21,1.600000,1.680000,1.570000,1.630000,1.578308,6407300
2018-06-22,1.630000,1.640000,1.600000,1.600000,1.549260,1619800
2018-06-25,1.600000,1.620000,1.580000,1.610000,1.558942,3029000
2018-06-26,1.570000,1.580000,1.520000,1.550000,1.500845,4235400
2018-06-27,1.520000,1.570000,1.520000,1.550000,1.500845,4813400
2018-06-28,1.550000,1.550000,1.520000,1.520000,1.471797,3282000
2018-06-29,1.540000,1.570000,1.540000,1.560000,1.510528,2562000
2018-07-02,1.630000,1.650000,1.590000,1.620000,1.568625,4556000
2018-07-03,1.650000,1.690000,1.620000,1.650000,1.597674,2990300
2018-07-05,1.670000,1.690000,1.640000,1.660000,1.607357,2390600
2018-07-06,1.660000,1.720000,1.650000,1.710000,1.655771,3694400
2018-07-09,1.760000,1.760000,1.660000,1.660000,1.607357,5626300
2018-07-10,1.680000,1.700000,1.670000,1.690000,1.636405,1658200
2018-07-11,1.680000,1.710000,1.650000,1.660000,1.607357,1987200
2018-07-12,1.670000,1.680000,1.630000,1.630000,1.578308,1528500
2018-07-13,1.600000,1.640000,1.600000,1.610000,1.558942,2654900
2018-07-16,1.610000,1.640000,1.590000,1.610000,1.558942,1845600
2018-07-17,1.590000,1.640000,1.590000,1.610000,1.558942,3005300
2018-07-18,1.590000,1.640000,1.590000,1.620000,1.568625,1730800
2018-07-19,1.580000,1.640000,1.560000,1.610000,1.558942,2644400
2018-07-20,1.630000,1.650000,1.590000,1.620000,1.568625,1927500
2018-07-23,1.620000,1.660000,1.620000,1.650000,1.597674,1685400
2018-07-24,1.680000,1.700000,1.650000,1.660000,1.607357,2044100
2018-07-25,1.680000,1.720000,1.670000,1.720000,1.665454,3013400
2018-07-26,1.720000,1.730000,1.670000,1.670000,1.617040,3144400
2018-07-27,1.670000,1.700000,1.670000,1.680000,1.626722,1921300
2018-07-30,1.690000,1.720000,1.690000,1.700000,1.646088,2542700
2018-07-31,1.690000,1.730000,1.680000,1.700000,1.646088,3493600
2018-08-01,1.670000,1.680000,1.630000,1.660000,1.607357,2932500
2018-08-02,1.650000,1.680000,1.650000,1.660000,1.607357,1604900
2018-08-03,1.650000,1.680000,1.630000,1.640000,1.587991,2781800
2018-08-06,1.640000,1.660000,1.630000,1.630000,1.578308,1165100
2018-08-07,1.640000,1.660000,1.620000,1.620000,1.568625,1526800
2018-08-08,1.630000,1.680000,1.630000,1.670000,1.617040,2181400
2018-08-09,1.660000,1.690000,1.660000,1.680000,1.626722,920200
2018-08-10,1.650000,1.680000,1.620000,1.630000,1.578308,3308400
2018-08-13,1.650000,1.680000,1.630000,1.640000,1.587991,3971700
2018-08-14,1.640000,1.660000,1.620000,1.620000,1.568625,2389600
2018-08-15,1.620000,1.630000,1.460000,1.480000,1.433065,14158400
2018-08-16,1.540000,1.560000,1.430000,1.440000,1.394334,4654400
2018-08-17,1.440000,1.530000,1.440000,1.490000,1.442748,7390400
2018-08-20,1.510000,1.550000,1.450000,1.540000,1.491162,3881000
2018-08-21,1.510000,1.590000,1.510000,1.570000,1.520211,4313200
2018-08-22,1.600000,1.650000,1.590000,1.640000,1.587991,4079500
2018-08-23,1.600000,1.600000,1.510000,1.540000,1.491162,2993000
2018-08-24,1.550000,1.650000,1.550000,1.600000,1.549260,4818500
2018-08-27,1.650000,1.740000,1.620000,1.740000,1.684820,4961300
2018-08-28,1.730000,1.750000,1.630000,1.670000,1.617040,3758900
2018-08-29,1.680000,1.730000,1.660000,1.720000,1.665454,2450500
2018-08-30,1.690000,1.690000,1.620000,1.650000,1.597674,3784300
2018-08-31,1.670000,1.680000,1.640000,1.660000,1.607357,1768100
2018-09-04,1.650000,1.700000,1.630000,1.690000,1.636405,2801200
2018-09-05,1.720000,1.780000,1.710000,1.770000,1.713868,4171500
2018-09-06,1.750000,1.790000,1.740000,1.770000,1.713868,5918600
2018-09-07,1.750000,1.820000,1.720000,1.790000,1.733234,4780700
2018-09-10,1.760000,1.790000,1.740000,1.760000,1.704185,2977800
2018-09-11,1.710000,1.760000,1.680000,1.750000,1.694503,2737700
2018-09-12,1.720000,1.820000,1.700000,1.780000,1.723551,3016400
2018-09-13,1.820000,1.830000,1.750000,1.790000,1.733234,2638900
2018-09-14,1.780000,1.820000,1.760000,1.770000,1.713868,2430000
2018-09-17,1.790000,1.900000,1.780000,1.890000,1.830063,5998200
2018-09-18,1.870000,1.920000,1.860000,1.870000,1.810697,4938100
2018-09-19,1.870000,1.910000,1.850000,1.860000,1.801014,2924000
2018-09-20,1.890000,1.920000,1.850000,1.920000,1.859111,3542100
2018-09-21,1.900000,1.920000,1.840000,1.870000,1.810697,6430200
2018-09-24,1.870000,1.910000,1.840000,1.850000,1.791331,2122400
2018-09-25,1.850000,1.910000,1.830000,1.840000,1.781649,2778800
2018-09-26,1.830000,1.870000,1.810000,1.810000,1.752600,2137000
2018-09-27,1.760000,1.770000,1.670000,1.670000,1.617040,3369500
2018-09-28,1.690000,1.710000,1.650000,1.660000,1.607357,2872300
2018-10-01,1.670000,1.680000,1.620000,1.650000,1.597674,2085200
2018-10-02,1.690000,1.750000,1.690000,1.700000,1.646088,3801500
2018-10-03,1.710000,1.730000,1.670000,1.670000,1.617040,1481200
2018-10-04,1.690000,1.700000,1.660000,1.670000,1.617040,1348700
2018-10-05,1.670000,1.700000,1.660000,1.670000,1.617040,865600
2018-10-08,1.660000,1.740000,1.660000,1.730000,1.675137,2331300
2018-10-09,1.720000,1.760000,1.710000,1.720000,1.665454,1127000
2018-10-10,1.720000,1.780000,1.680000,1.760000,1.704185,1988300
2018-10-11,1.890000,2.040000,1.870000,2.040000,1.975306,10252900
2018-10-12,2.030000,2.040000,1.930000,2.020000,1.955940,4799600
2018-10-15,2.110000,2.170000,2.070000,2.120000,2.052769,6070300
2018-10-16,2.130000,2.150000,2.020000,2.070000,2.004354,3699900
2018-10-17,2.030000,2.050000,1.990000,2.030000,1.965623,4128000
2018-10-18,2.060000,2.130000,2.060000,2.110000,2.043086,2845900
2018-10-19,2.110000,2.110000,2.020000,2.070000,2.004354,2870100
2018-10-22,2.010000,2.100000,1.980000,2.070000,2.004354,2915500
2018-10-23,2.130000,2.150000,2.070000,2.110000,2.043086,3579600
2018-10-24,2.100000,2.120000,2.030000,2.080000,2.014037,2062200
2018-10-25,2.050000,2.100000,1.970000,1.980000,1.917209,4189400
2018-10-26,1.980000,2.070000,1.950000,1.960000,1.897843,3127400
2018-10-29,1.980000,2.010000,1.930000,1.940000,1.878477,1754500
2018-10-30,1.970000,2.020000,1.950000,2.000000,1.936574,2227100
2018-10-31,1.950000,1.960000,1.830000,1.840000,1.781649,4524400
2018-11-01,1.960000,1.970000,1.890000,1.900000,1.839746,2964800
2018-11-02,1.870000,1.900000,1.840000,1.870000,1.810697,3283000
2018-11-05,1.850000,1.880000,1.800000,1.830000,1.771966,2872300
2018-11-06,1.810000,1.820000,1.780000,1.780000,1.723551,1473900
2018-11-07,1.800000,1.810000,1.760000,1.760000,1.704185,2760400
2018-11-08,1.760000,1.800000,1.750000,1.750000,1.694503,2025900
2018-11-09,1.730000,1.760000,1.670000,1.670000,1.617040,3328900
2018-11-12,1.690000,1.700000,1.570000,1.590000,1.539577,4032000
2018-11-13,1.640000,1.650000,1.550000,1.550000,1.500845,2707400
2018-11-14,1.640000,1.640000,1.550000,1.610000,1.558942,2854800
2018-11-15,1.670000,1.720000,1.660000,1.690000,1.636405,2413800
2018-11-16,1.710000,1.730000,1.670000,1.690000,1.636405,3463100
2018-11-19,1.720000,1.750000,1.670000,1.690000,1.636405,1658700
2018-11-20,1.710000,1.710000,1.610000,1.670000,1.617040,2328000
2018-11-21,1.690000,1.720000,1.670000,1.680000,1.626722,2053900
2018-11-23,1.650000,1.680000,1.630000,1.630000,1.578308,793600
2018-11-26,1.630000,1.630000,1.560000,1.560000,1.510528,2035000
2018-11-27,1.570000,1.600000,1.510000,1.510000,1.462114,2357700
2018-11-28,1.520000,1.570000,1.500000,1.560000,1.510528,1907700
2018-11-29,1.580000,1.590000,1.530000,1.540000,1.491162,1283600
2018-11-30,1.520000,1.530000,1.490000,1.500000,1.452431,1873300
2018-12-03,1.530000,1.540000,1.470000,1.510000,1.462114,2054300
2018-12-04,1.530000,1.640000,1.520000,1.600000,1.549260,3212500
2018-12-06,1.620000,1.650000,1.590000,1.620000,1.568625,2410300
2018-12-07,1.650000,1.660000,1.610000,1.640000,1.587991,2126600
2018-12-10,1.650000,1.660000,1.540000,1.550000,1.500845,3246800
2018-12-11,1.560000,1.630000,1.560000,1.600000,1.549260,2784100
2018-12-12,1.610000,1.680000,1.610000,1.640000,1.587991,1937500
2018-12-13,1.610000,1.660000,1.610000,1.650000,1.597674,1146900
2018-12-14,1.570000,1.640000,1.550000,1.600000,1.549260,1746000
2018-12-17,1.610000,1.690000,1.610000,1.670000,1.617040,2681200
2018-12-18,1.660000,1.730000,1.650000,1.690000,1.636405,2653000
2018-12-19,1.770000,1.820000,1.620000,1.630000,1.578308,4454800
2018-12-20,1.740000,1.770000,1.690000,1.740000,1.684820,2919600
2018-12-21,1.710000,1.710000,1.650000,1.710000,1.655771,8317300
2018-12-24,1.740000,1.800000,1.730000,1.760000,1.704185,1783900
2018-12-26,1.780000,1.780000,1.700000,1.730000,1.675137,1483600
2018-12-27,1.730000,1.730000,1.680000,1.680000,1.626722,2119700
2018-12-28,1.730000,1.740000,1.670000,1.670000,1.617040,2012000
2018-12-31,1.690000,1.800000,1.660000,1.790000,1.733234,3390600
2019-01-02,1.830000,1.840000,1.760000,1.810000,1.752600,2909700
2019-01-03,1.900000,1.930000,1.870000,1.930000,1.868794,3923900
2019-01-04,1.900000,1.910000,1.840000,1.870000,1.810697,3151400
2019-01-07,1.940000,1.940000,1.850000,1.870000,1.810697,1897400
2019-01-08,1.860000,1.910000,1.830000,1.880000,1.820380,2579800
2019-01-09,1.870000,1.940000,1.860000,1.930000,1.868794,2741400
2019-01-10,1.920000,1.940000,1.820000,1.850000,1.791331,3813200
2019-01-11,1.880000,1.910000,1.830000,1.860000,1.801014,2251000
2019-01-14,1.850000,1.860000,1.800000,1.840000,1.781649,1751300
2019-01-15,1.830000,1.850000,1.740000,1.770000,1.713868,4069700
2019-01-16,1.770000,1.820000,1.770000,1.770000,1.713868,2297000
2019-01-17,1.770000,1.810000,1.760000,1.780000,1.723551,1017900
2019-01-18,1.750000,1.770000,1.690000,1.690000,1.636405,2557300
2019-01-22,1.750000,1.750000,1.700000,1.710000,1.655771,3088400
2019-01-23,1.710000,1.760000,1.700000,1.730000,1.675137,1837600
2019-01-24,1.770000,1.780000,1.750000,1.760000,1.704185,1545400
2019-01-25,1.770000,1.850000,1.770000,1.780000,1.723551,3301100
2019-01-28,1.790000,1.890000,1.790000,1.890000,1.830063,3252200
2019-01-29,1.920000,2.060000,1.890000,2.040000,1.975306,5164600
2019-01-30,1.960000,1.990000,1.900000,1.960000,1.897843,4491200
2019-01-31,1.990000,2.000000,1.920000,1.980000,1.917209,3374000
2019-02-01,1.980000,2.050000,1.930000,2.040000,1.975306,3721600
2019-02-04,1.950000,2.020000,1.940000,1.990000,1.926892,3523100
2019-02-05,1.990000,2.070000,1.960000,2.050000,1.984989,2646400
2019-02-06,2.090000,2.150000,2.050000,2.070000,2.004354,5774300
2019-02-07,2.090000,2.120000,2.050000,2.080000,2.014037,3869000
2019-02-08,2.180000,2.200000,2.120000,2.140000,2.072135,4313100
2019-02-11,2.110000,2.160000,2.070000,2.150000,2.081817,3036400
2019-02-12,2.170000,2.180000,2.050000,2.060000,1.994671,5309000
2019-02-13,2.040000,2.080000,1.940000,1.960000,1.897843,4157000
2019-02-14,1.980000,2.000000,1.920000,1.950000,1.888160,3950500
2019-02-15,1.950000,2.010000,1.880000,1.990000,1.926892,6083200
2019-02-19,2.010000,2.120000,2.000000,2.070000,2.004354,5405000
2019-02-20,2.170000,2.210000,2.110000,2.130000,2.062452,6147500
2019-02-21,2.120000,2.160000,2.050000,2.140000,2.072135,6251100
2019-02-22,2.100000,2.150000,2.040000,2.090000,2.023720,4068600
2019-02-25,2.030000,2.100000,2.020000,2.060000,1.994671,3592300
2019-02-26,2.050000,2.100000,2.020000,2.100000,2.033403,2227100
2019-02-27,2.130000,2.150000,2.100000,2.120000,2.052769,3219600
2019-02-28,2.090000,2.110000,2.050000,2.080000,2.014037,2824300
2019-03-01,2.050000,2.110000,2.000000,2.000000,1.936574,3475900
2019-03-04,1.980000,2.060000,1.940000,2.030000,1.965623,3930700
2019-03-05,1.960000,1.990000,1.920000,1.960000,1.897843,4465200
2019-03-06,1.920000,1.950000,1.840000,1.850000,1.791331,3159300
2019-03-07,1.850000,1.900000,1.830000,1.890000,1.830063,2984400
2019-03-08,2.030000,2.070000,1.940000,2.040000,1.975306,5361400
2019-03-11,1.970000,2.020000,1.920000,2.000000,1.936574,4697500
2019-03-12,2.000000,2.030000,1.960000,2.020000,1.955940,4450800
2019-03-13,2.040000,2.120000,2.020000,2.090000,2.023720,6897500
2019-03-14,2.010000,2.010000,1.930000,1.940000,1.878477,6609800
2019-03-15,1.970000,2.000000,1.940000,1.980000,1.917209,10676400
2019-03-18,1.960000,2.020000,1.930000,1.940000,1.878477,7222300
2019-03-19,1.960000,1.980000,1.900000,1.950000,1.888160,8601500
2019-03-20,1.960000,2.040000,1.930000,2.020000,1.955940,3593000
2019-03-21,2.040000,2.090000,1.980000,2.070000,2.004354,6573900
2019-03-22,2.060000,2.070000,1.980000,1.990000,1.926892,4859600
2019-03-25,2.020000,2.070000,2.010000,2.070000,2.004354,3111800
2019-03-26,2.050000,2.080000,2.020000,2.040000,1.975306,4196100
2019-03-27,2.040000,2.050000,1.990000,2.020000,1.955940,3983700
2019-03-28,1.950000,1.960000,1.870000,1.890000,1.830063,7069700
2019-03-29,1.900000,1.950000,1.880000,1.900000,1.839746,4274300
2019-04-01,1.870000,1.890000,1.780000,1.790000,1.733234,6338400
2019-04-02,1.820000,1.850000,1.790000,1.800000,1.742917,5979500
2019-04-03,1.850000,1.940000,1.830000,1.910000,1.849429,6250600
2019-04-04,1.860000,1.970000,1.840000,1.930000,1.868794,5616200
2019-04-05,1.900000,1.970000,1.880000,1.940000,1.878477,4345700
2019-04-08,1.980000,2.040000,1.980000,2.030000,1.965623,5211000
2019-04-09,2.030000,2.100000,2.010000,2.080000,2.014037,5632000
2019-04-10,2.040000,2.050000,1.980000,1.990000,1.926892,2963500
2019-04-11,1.930000,1.970000,1.920000,1.930000,1.868794,2387000
2019-04-12,1.940000,1.950000,1.920000,1.920000,1.859111,1686600
2019-04-15,1.890000,1.930000,1.850000,1.870000,1.810697,5504000
2019-04-16,1.840000,1.860000,1.810000,1.820000,1.762283,2367700
2019-04-17,1.820000,1.850000,1.810000,1.840000,1.781649,3561400
2019-04-18,1.840000,1.850000,1.810000,1.820000,1.762283,1378600
2019-04-22,1.830000,1.840000,1.770000,1.780000,1.723551,2229100
2019-04-23,1.780000,1.840000,1.770000,1.790000,1.733234,3467400
2019-04-24,1.780000,1.840000,1.760000,1.810000,1.752600,2619300
2019-04-25,1.810000,1.850000,1.800000,1.820000,1.762283,1338200
2019-04-26,1.830000,1.890000,1.810000,1.860000,1.801014,3012400
2019-04-29,1.830000,1.840000,1.750000,1.760000,1.704185,2970400
2019-04-30,1.760000,1.780000,1.740000,1.740000,1.684820,3504100
2019-05-01,1.740000,1.790000,1.710000,1.720000,1.665454,3675700
2019-05-02,1.650000,1.720000,1.620000,1.650000,1.597674,4216200
2019-05-03,1.650000,1.680000,1.600000,1.600000,1.549260,4783000
2019-05-06,1.610000,1.670000,1.610000,1.640000,1.587991,2853400
2019-05-07,1.670000,1.760000,1.650000,1.750000,1.694503,3864400
2019-05-08,1.780000,1.780000,1.660000,1.690000,1.636405,2991300
2019-05-09,1.690000,1.720000,1.650000,1.700000,1.646088,2964200
2019-05-10,1.670000,1.690000,1.650000,1.650000,1.597674,2279200
2019-05-13,1.690000,1.700000,1.630000,1.660000,1.607357,4155500
2019-05-14,1.660000,1.680000,1.620000,1.660000,1.607357,3213900
2019-05-15,1.650000,1.670000,1.620000,1.620000,1.568625,2014100
2019-05-16,1.630000,1.640000,1.600000,1.610000,1.558942,2462100
2019-05-17,1.600000,1.660000,1.600000,1.630000,1.578308,2401300
2019-05-20,1.640000,1.680000,1.630000,1.650000,1.597674,4624400
2019-05-21,1.650000,1.680000,1.640000,1.660000,1.607357,3400700
2019-05-22,1.660000,1.690000,1.630000,1.660000,1.607357,1845500
2019-05-23,1.660000,1.720000,1.650000,1.650000,1.597674,1888800
2019-05-24,1.660000,1.660000,1.600000,1.660000,1.607357,3849500
2019-05-28,1.590000,1.610000,1.570000,1.570000,1.520211,4581000
2019-05-29,1.590000,1.620000,1.570000,1.610000,1.558942,2678700
2019-05-30,1.610000,1.660000,1.610000,1.660000,1.607357,2423200
2019-05-31,1.710000,1.800000,1.700000,1.780000,1.723551,5801000
2019-06-03,1.790000,1.900000,1.780000,1.880000,1.820380,8925500
2019-06-04,1.810000,1.920000,1.810000,1.870000,1.810697,6338200
2019-06-05,1.900000,1.940000,1.830000,1.870000,1.810697,4897400
2019-06-06,1.880000,1.940000,1.880000,1.920000,1.859111,3546400
2019-06-07,1.950000,1.960000,1.870000,1.890000,1.830063,3108600
2019-06-10,1.860000,1.880000,1.780000,1.810000,1.752600,5481000
2019-06-11,1.810000,1.850000,1.780000,1.830000,1.771966,3113500
2019-06-12,1.850000,1.920000,1.840000,1.910000,1.849429,4648200
2019-06-13,1.900000,1.990000,1.880000,1.970000,1.907526,6773800
2019-06-14,1.990000,2.040000,1.920000,1.960000,1.897843,6427600
2019-06-17,1.970000,2.000000,1.950000,1.990000,1.926892,2846200
2019-06-18,2.000000,2.050000,1.930000,1.950000,1.888160,9289400
2019-06-19,1.920000,2.020000,1.910000,2.020000,1.955940,5703100
2019-06-20,2.070000,2.190000,2.070000,2.170000,2.101183,10620900
2019-06-21,2.180000,2.200000,2.090000,2.170000,2.101183,8823300
2019-06-24,2.190000,2.250000,2.160000,2.240000,2.168963,9219100
2019-06-25,2.280000,2.310000,2.090000,2.190000,2.120549,18352200
2019-06-26,2.150000,2.270000,2.130000,2.240000,2.168963,8268800
2019-06-27,2.200000,2.280000,2.170000,2.260000,2.188329,6177900
2019-06-28,2.250000,2.290000,2.220000,2.270000,2.198012,6065200
2019-07-01,2.180000,2.200000,2.110000,2.120000,2.052769,10849500
2019-07-02,2.160000,2.280000,2.130000,2.230000,2.159280,6928100
2019-07-03,2.260000,2.270000,2.200000,2.250000,2.178646,5189900
2019-07-05,2.140000,2.230000,2.110000,2.230000,2.159280,4795200
2019-07-08,2.270000,2.390000,2.250000,2.370000,2.294840,8809800
2019-07-09,2.320000,2.370000,2.280000,2.350000,2.275475,5486500
2019-07-10,2.420000,2.480000,2.370000,2.460000,2.381986,8266500
2019-07-11,2.450000,2.450000,2.300000,2.320000,2.246426,7544900
2019-07-12,2.350000,2.400000,2.350000,2.380000,2.304523,5469900
2019-07-15,2.380000,2.400000,2.320000,2.370000,2.294840,4196900
2019-07-16,2.370000,2.400000,2.320000,2.340000,2.265792,8264400
2019-07-17,2.350000,2.440000,2.350000,2.430000,2.352938,8239700
2019-07-18,2.430000,2.610000,2.390000,2.580000,2.498181,12425200
2019-07-19,2.510000,2.580000,2.460000,2.560000,2.478815,9488400
2019-07-22,2.540000,2.560000,2.490000,2.490000,2.411035,7276700
2019-07-23,2.490000,2.540000,2.410000,2.420000,2.343255,9521000
2019-07-24,2.500000,2.540000,2.440000,2.520000,2.440084,7323000
2019-07-25,2.530000,2.550000,2.450000,2.490000,2.411035,9100200
2019-07-26,2.490000,2.530000,2.440000,2.470000,2.391669,5092000
2019-07-29,2.470000,2.590000,2.430000,2.590000,2.507864,6027700
2019-07-30,2.590000,2.660000,2.590000,2.640000,2.556278,7988200
2019-07-31,2.660000,2.730000,2.440000,2.440000,2.362621,15834900
2019-08-01,2.410000,2.650000,2.390000,2.630000,2.546596,14775000
2019-08-02,2.600000,2.680000,2.580000,2.660000,2.575644,10574900
2019-08-05,2.790000,2.940000,2.700000,2.850000,2.759618,19964100
2019-08-06,2.840000,2.970000,2.820000,2.900000,2.808033,19658600
2019-08-07,3.000000,3.060000,2.950000,2.970000,2.875813,23198200
2019-08-08,2.930000,3.050000,2.880000,2.970000,2.875813,13751300
2019-08-09,2.980000,3.070000,2.950000,3.040000,2.943593,12584400
2019-08-12,3.050000,3.100000,2.950000,2.970000,2.875813,15749400
2019-08-13,3.000000,3.000000,2.700000,2.870000,2.778984,16145400
2019-08-14,2.980000,3.080000,2.950000,2.970000,2.875813,17174900
2019-08-15,2.920000,3.040000,2.870000,3.000000,2.904862,10757200
2019-08-16,2.970000,3.020000,2.920000,2.970000,2.875813,6901400
2019-08-19,2.890000,3.020000,2.840000,2.940000,2.846764,8029200
2019-08-20,2.970000,3.250000,2.970000,3.240000,3.137250,10731400
2019-08-21,3.230000,3.380000,3.200000,3.350000,3.243762,10733900
2019-08-22,3.330000,3.370000,3.270000,3.330000,3.224396,11581200
2019-08-23,3.380000,3.630000,3.370000,3.580000,3.466468,17864100
2019-08-26,3.600000,3.750000,3.510000,3.610000,3.495516,14934300
2019-08-27,3.580000,3.860000,3.580000,3.840000,3.718223,13915100
2019-08-28,3.820000,3.850000,3.680000,3.760000,3.640760,15713700
2019-08-29,3.750000,3.750000,3.560000,3.700000,3.582663,13961200
2019-08-30,3.650000,3.770000,3.620000,3.710000,3.592345,10024100
2019-09-03,3.700000,3.750000,3.620000,3.670000,3.553614,15854000
2019-09-04,3.640000,3.800000,3.620000,3.800000,3.679491,8733000
2019-09-05,3.640000,3.650000,3.470000,3.500000,3.389005,16304500
2019-09-06,3.540000,3.570000,3.390000,3.400000,3.292176,13199800
2019-09-09,3.440000,3.460000,3.270000,3.310000,3.205030,11623400
2019-09-10,3.270000,3.390000,3.240000,3.300000,3.195348,8597800
2019-09-11,3.270000,3.350000,3.220000,3.280000,3.175982,9690600
2019-09-12,3.440000,3.450000,3.130000,3.150000,3.050105,14699500
2019-09-13,3.150000,3.220000,2.970000,2.990000,2.895179,13701100
2019-09-16,3.080000,3.100000,2.960000,3.090000,2.992007,9239200
2019-09-17,3.080000,3.130000,3.040000,3.080000,2.982324,7708600
2019-09-18,3.110000,3.120000,2.920000,3.010000,2.914544,8976400
2019-09-19,3.050000,3.130000,3.040000,3.100000,3.001690,6139800
2019-09-20,3.070000,3.230000,3.060000,3.220000,3.117885,13781000
2019-09-23,3.250000,3.360000,3.230000,3.300000,3.195348,9421500
2019-09-24,3.330000,3.440000,3.290000,3.370000,3.263128,8838400
2019-09-25,3.320000,3.360000,3.120000,3.140000,3.040422,7192900
2019-09-26,3.120000,3.180000,3.020000,3.100000,3.001690,8436300
2019-09-27,3.000000,3.060000,2.910000,2.920000,2.827399,11303800
2019-09-30,2.880000,2.900000,2.800000,2.840000,2.749936,6867500
2019-10-01,2.840000,3.020000,2.830000,2.880000,2.788667,5972700
2019-10-02,2.980000,3.080000,2.960000,3.030000,2.933910,7281200
2019-10-03,3.010000,3.120000,2.950000,2.950000,2.856447,6563500
2019-10-04,3.080000,3.110000,3.020000,3.110000,3.011373,5451000
2019-10-07,3.080000,3.130000,2.990000,3.050000,2.953276,4055500
2019-10-08,3.190000,3.210000,3.130000,3.200000,3.098519,4336100
2019-10-09,3.210000,3.240000,3.140000,3.160000,3.059787,3468000
2019-10-10,3.140000,3.140000,3.010000,3.100000,3.001690,3664600
2019-10-11,3.030000,3.040000,2.910000,2.920000,2.827399,5816700
2019-10-14,2.940000,3.060000,2.940000,3.010000,2.914544,3402700
2019-10-15,2.950000,2.980000,2.910000,2.920000,2.827399,4765500
2019-10-16,2.990000,3.060000,2.940000,3.060000,2.962959,5010000
2019-10-17,3.020000,3.170000,3.010000,3.150000,3.050105,3607400
2019-10-18,3.140000,3.210000,3.140000,3.170000,3.069470,5047400
2019-10-21,3.210000,3.230000,3.060000,3.120000,3.021056,2746400
2019-10-22,3.140000,3.140000,2.990000,3.070000,2.972641,4830500
2019-10-23,3.080000,3.170000,3.080000,3.140000,3.040422,4379200
2019-10-24,3.190000,3.400000,3.180000,3.400000,3.292176,6760700
2019-10-25,3.470000,3.530000,3.310000,3.390000,3.282493,6525500
2019-10-28,3.330000,3.370000,3.230000,3.290000,3.185665,5954500
2019-10-29,3.240000,3.330000,3.200000,3.280000,3.175982,3695800
2019-10-30,3.320000,3.390000,3.240000,3.360000,3.253445,4642100
2019-10-31,3.440000,3.500000,3.420000,3.480000,3.369639,4883100
2019-11-01,3.460000,3.500000,3.410000,3.500000,3.389005,4015800
2019-11-04,3.440000,3.460000,3.360000,3.380000,3.272811,3413900
2019-11-05,3.270000,3.310000,3.180000,3.220000,3.117885,6091300
2019-11-06,3.270000,3.300000,3.200000,3.270000,3.166299,3806800
2019-11-07,3.230000,3.250000,3.080000,3.090000,2.992007,7067900
2019-11-08,3.070000,3.170000,3.060000,3.120000,3.021056,5051900
2019-11-11,3.070000,3.120000,3.020000,3.060000,2.962959,3387100
2019-11-12,3.040000,3.150000,3.040000,3.140000,3.040422,5292400
2019-11-13,3.380000,3.390000,3.230000,3.260000,3.156616,4766400
2019-11-14,3.280000,3.370000,3.280000,3.330000,3.224396,3375200
2019-11-15,3.330000,3.330000,3.230000,3.270000,3.166299,2535400
2019-11-18,3.290000,3.370000,3.270000,3.360000,3.253445,3356500
2019-11-19,3.330000,3.420000,3.310000,3.360000,3.253445,4333100
2019-11-20,3.340000,3.390000,3.260000,3.350000,3.243762,4757100
2019-11-21,3.400000,3.440000,3.290000,3.300000,3.195348,5232000
2019-11-22,3.250000,3.250000,3.120000,3.170000,3.069470,4234600
2019-11-25,3.110000,3.190000,3.040000,3.050000,2.953276,3849500
2019-11-26,3.050000,3.140000,3.030000,3.120000,3.021056,4983300
2019-11-27,3.070000,3.080000,3.000000,3.050000,2.953276,3253600
2019-11-29,3.030000,3.140000,3.010000,3.120000,3.021056,2569000
2019-12-02,3.070000,3.160000,2.960000,2.960000,2.866130,7861600
2019-12-03,3.210000,3.280000,3.170000,3.280000,3.175982,7334100
2019-12-04,3.240000,3.270000,3.140000,3.190000,3.088836,4872400
2019-12-05,3.140000,3.280000,3.130000,3.200000,3.098519,3214900
2019-12-06,3.130000,3.170000,3.100000,3.120000,3.021056,2706500
2019-12-09,3.140000,3.150000,3.020000,3.060000,2.962959,4438100
2019-12-10,3.130000,3.150000,3.090000,3.120000,3.021056,2665800
2019-12-11,3.240000,3.290000,3.160000,3.270000,3.166299,6220600
2019-12-12,3.390000,3.420000,3.190000,3.260000,3.156616,5871300
2019-12-13,3.170000,3.250000,3.130000,3.190000,3.088836,5297400
2019-12-16,3.250000,3.260000,3.160000,3.180000,3.079153,4225100
2019-12-17,3.180000,3.210000,3.140000,3.160000,3.059787,4207300
2019-12-18,3.120000,3.150000,3.080000,3.110000,3.011373,5820500
2019-12-19,3.120000,3.260000,3.100000,3.240000,3.137250,7322200
2019-12-20,3.180000,3.200000,3.090000,3.140000,3.040422,15770300
2019-12-23,3.090000,3.250000,3.070000,3.220000,3.117885,5729800
2019-12-24,3.260000,3.490000,3.250000,3.490000,3.379322,5531800
2019-12-26,3.540000,3.630000,3.480000,3.560000,3.447102,5951100
2019-12-27,3.560000,3.620000,3.510000,3.570000,3.456785,5555900
2019-12-30,3.530000,3.630000,3.510000,3.630000,3.514883,4923600
2019-12-31,3.680000,3.720000,3.600000,3.630000,3.514883,4834800
2020-01-02,3.680000,3.780000,3.660000,3.690000,3.572980,7127300
2020-01-03,3.900000,3.930000,3.690000,3.720000,3.602028,7727600
2020-01-06,3.930000,3.930000,3.710000,3.780000,3.660125,7633100
2020-01-07,3.830000,3.870000,3.770000,3.870000,3.747271,4023900
2020-01-08,3.840000,3.860000,3.530000,3.610000,3.495516,11711800
2020-01-09,3.630000,3.720000,3.610000,3.660000,3.543931,5197200
2020-01-10,3.620000,3.710000,3.610000,3.700000,3.582663,4629700
2020-01-13,3.610000,3.660000,3.510000,3.520000,3.408371,5392800
2020-01-14,3.450000,3.560000,3.440000,3.560000,3.447102,3725800
2020-01-15,3.560000,3.560000,3.440000,3.530000,3.418054,7382800
2020-01-16,3.500000,3.600000,3.450000,3.540000,3.427737,4610300
2020-01-17,3.550000,3.610000,3.480000,3.550000,3.437419,3635600
2020-01-21,3.500000,3.600000,3.460000,3.600000,3.485834,3729000
2020-01-22,3.570000,3.580000,3.480000,3.580000,3.466468,4971300
2020-01-23,3.520000,3.620000,3.500000,3.500000,3.389005,4368000
2020-01-24,3.540000,3.670000,3.520000,3.670000,3.553614,4033400
2020-01-27,3.700000,3.710000,3.510000,3.560000,3.447102,5497800
2020-01-28,3.420000,3.430000,3.240000,3.270000,3.166299,6744200
2020-01-29,3.280000,3.300000,3.140000,3.290000,3.185665,8033100
2020-01-30,3.370000,3.400000,3.300000,3.370000,3.263128,5548400
2020-01-31,3.400000,3.420000,3.320000,3.360000,3.253445,4679600
2020-02-03,3.310000,3.370000,3.240000,3.310000,3.205030,4091900
2020-02-04,3.200000,3.250000,3.180000,3.210000,3.108202,5389600
2020-02-05,3.210000,3.240000,3.170000,3.180000,3.079153,5338300
2020-02-06,3.140000,3.170000,3.030000,3.110000,3.011373,7690400
2020-02-07,3.110000,3.150000,2.960000,2.980000,2.885496,6085800
2020-02-10,3.070000,3.080000,3.000000,3.010000,2.914544,4653600
2020-02-11,2.910000,2.920000,2.740000,2.770000,2.682156,9590400
2020-02-12,2.940000,3.080000,2.900000,3.060000,2.962959,11844700
2020-02-13,2.980000,3.090000,2.930000,3.070000,2.972641,9933100
2020-02-14,3.110000,3.240000,3.070000,3.130000,3.030739,8414300
2020-02-18,3.280000,3.470000,3.250000,3.450000,3.340591,10710600
2020-02-19,3.610000,3.800000,3.540000,3.800000,3.679491,10908900
2020-02-20,3.660000,3.720000,3.620000,3.670000,3.553614,8369700
2020-02-21,3.880000,4.160000,3.840000,4.130000,3.999026,15848300
2020-02-24,4.530000,4.540000,4.110000,4.210000,4.076489,18406300
2020-02-25,4.120000,4.260000,4.010000,4.030000,3.902197,15293600
2020-02-26,4.090000,4.170000,3.990000,4.050000,3.921563,11798200
2020-02-27,4.150000,4.160000,3.760000,3.790000,3.669808,11307200
2020-02-28,3.560000,3.560000,3.080000,3.400000,3.292176,15984100
2020-03-02,3.470000,3.590000,3.440000,3.530000,3.418054,6304400
2020-03-03,3.650000,3.880000,3.510000,3.690000,3.572980,16740100
2020-03-04,3.940000,3.960000,3.710000,3.810000,3.689174,10706800
2020-03-05,3.890000,3.990000,3.760000,3.980000,3.853783,9357300
2020-03-06,4.060000,4.060000,3.750000,3.960000,3.834417,10395200
2020-03-09,4.060000,4.060000,3.680000,3.690000,3.572980,11198400
2020-03-10,3.660000,3.680000,3.450000,3.590000,3.476151,9040800
2020-03-11,3.660000,3.710000,3.260000,3.370000,3.263128,11859300
2020-03-12,3.060000,3.300000,2.800000,2.810000,2.720887,10137500
2020-03-13,2.860000,2.860000,2.380000,2.460000,2.381986,10162600
2020-03-16,2.100000,2.800000,2.070000,2.630000,2.546596,11660100
2020-03-17,2.360000,2.850000,2.340000,2.770000,2.682156,13777100
2020-03-18,2.450000,2.630000,2.070000,2.080000,2.014037,9380300
2020-03-19,2.010000,2.750000,1.760000,2.190000,2.120549,14125600
2020-03-20,2.170000,2.280000,1.930000,1.930000,1.868794,12726800
2020-03-23,2.150000,2.330000,1.950000,2.180000,2.110866,9299700
2020-03-24,2.440000,2.490000,2.280000,2.380000,2.304523,12823600
2020-03-25,2.550000,2.880000,2.480000,2.780000,2.691838,14217700
2020-03-26,2.840000,2.940000,2.650000,2.690000,2.604692,11152500
2020-03-27,2.550000,2.560000,2.320000,2.380000,2.304523,8935500
2020-03-30,2.420000,2.480000,2.120000,2.240000,2.168963,9694200
2020-03-31,2.120000,2.300000,2.110000,2.180000,2.110866,6420800
2020-04-01,2.100000,2.190000,2.040000,2.140000,2.072135,7447800
2020-04-02,2.200000,2.330000,2.160000,2.180000,2.110866,6635000
2020-04-03,2.230000,2.310000,2.110000,2.110000,2.043086,6220700
2020-04-06,2.300000,2.550000,2.190000,2.420000,2.343255,11266400
2020-04-07,2.490000,2.540000,2.330000,2.400000,2.323889,5596700
2020-04-08,2.390000,2.550000,2.390000,2.470000,2.391669,4474000
2020-04-09,2.630000,2.760000,2.520000,2.670000,2.585327,8204600
2020-04-13,2.770000,2.890000,2.530000,2.850000,2.759618,10172100
2020-04-14,3.030000,3.340000,2.990000,3.070000,2.972641,12771400
2020-04-15,2.980000,3.050000,2.760000,2.860000,2.769301,9206500
2020-04-16,2.980000,3.000000,2.790000,2.890000,2.798350,5829500
2020-04-17,2.800000,2.890000,2.720000,2.780000,2.691838,10787900
2020-04-20,2.880000,2.970000,2.850000,2.940000,2.846764,6447400
2020-04-21,2.790000,2.900000,2.760000,2.820000,2.730570,5689800
2020-04-22,2.990000,3.110000,2.960000,3.080000,2.982324,7077400
2020-04-23,3.340000,3.610000,3.320000,3.550000,3.437419,15084900
2020-04-24,3.730000,3.840000,3.580000,3.770000,3.650443,11917500
2020-04-27,3.770000,3.830000,3.560000,3.650000,3.534249,6774800
2020-04-28,3.650000,3.650000,3.470000,3.570000,3.456785,5954200
2020-04-29,3.590000,3.750000,3.540000,3.750000,3.631077,7646100
2020-04-30,3.670000,3.770000,3.570000,3.620000,3.505199,7757300
2020-05-01,3.550000,3.870000,3.460000,3.850000,3.727906,6150300
2020-05-04,3.810000,3.980000,3.800000,3.910000,3.786003,6965700
2020-05-05,3.930000,4.000000,3.770000,3.880000,3.756954,7420100
2020-05-06,3.580000,3.580000,3.320000,3.500000,3.389005,12068900
2020-05-07,3.450000,3.600000,3.300000,3.540000,3.427737,7473100
2020-05-08,3.480000,3.670000,3.460000,3.570000,3.456785,5109800
2020-05-11,3.500000,3.610000,3.460000,3.470000,3.359957,5197500
2020-05-12,3.600000,3.770000,3.580000,3.670000,3.553614,6288800
2020-05-13,3.630000,3.690000,3.450000,3.520000,3.408371,7656900
2020-05-14,3.500000,3.810000,3.500000,3.780000,3.660125,6780300
2020-05-15,3.850000,3.890000,3.740000,3.850000,3.727906,5547100
2020-05-18,3.920000,3.930000,3.710000,3.740000,3.621394,5120400
2020-05-19,3.740000,3.860000,3.660000,3.790000,3.669808,7196100
2020-05-20,3.700000,3.800000,3.670000,3.680000,3.563297,6270300
2020-05-21,3.630000,3.650000,3.510000,3.620000,3.505199,3941600
2020-05-22,3.550000,3.650000,3.520000,3.530000,3.418054,4851300
2020-05-26,3.480000,3.500000,3.280000,3.310000,3.205030,6252200
2020-05-27,3.200000,3.390000,3.190000,3.390000,3.282493,5993100
2020-05-28,3.440000,3.460000,3.270000,3.320000,3.214713,6618100
2020-05-29,3.370000,3.390000,3.250000,3.330000,3.224396,7908200
2020-06-01,3.370000,3.420000,3.350000,3.410000,3.301859,2990900
2020-06-02,3.510000,3.520000,3.280000,3.280000,3.175982,5149600
2020-06-03,3.120000,3.200000,3.070000,3.110000,3.011373,6107900
2020-06-04,3.270000,3.280000,3.140000,3.250000,3.146933,5500100
2020-06-05,3.050000,3.150000,3.000000,3.130000,3.030739,9832900
2020-06-08,3.150000,3.210000,3.120000,3.170000,3.069470,3794200
2020-06-09,3.250000,3.320000,3.210000,3.220000,3.117885,4621900
2020-06-10,3.250000,3.370000,3.100000,3.360000,3.253445,5835700
2020-06-11,3.240000,3.330000,3.040000,3.080000,2.982324,6083100
2020-06-12,3.200000,3.250000,3.090000,3.140000,3.040422,4963500
2020-06-15,3.000000,3.150000,2.930000,3.120000,3.021056,5793300
2020-06-16,3.140000,3.140000,2.990000,2.990000,2.895179,3855000
2020-06-17,2.970000,3.070000,2.970000,3.020000,2.924227,3285900
2020-06-18,3.010000,3.070000,2.990000,3.030000,2.933910,3226200
2020-06-19,3.150000,3.360000,3.140000,3.280000,3.175982,12874800
2020-06-22,3.390000,3.500000,3.340000,3.460000,3.350274,8412900
2020-06-23,3.550000,3.640000,3.500000,3.590000,3.476151,4963800
2020-06-24,3.480000,3.570000,3.280000,3.430000,3.321225,8246400
2020-06-25,3.450000,3.650000,3.420000,3.650000,3.534249,8901100
2020-06-26,3.550000,3.660000,3.450000,3.600000,3.485834,6040800
2020-06-29,3.820000,3.970000,3.810000,3.970000,3.844100,10323600
2020-06-30,3.930000,4.180000,3.910000,4.170000,4.037758,9371800
2020-07-01,4.400000,4.460000,4.250000,4.450000,4.308878,10858100
2020-07-02,4.470000,4.670000,4.470000,4.510000,4.366976,9780300
2020-07-06,4.670000,4.750000,4.600000,4.720000,4.570315,6516000
2020-07-07,4.740000,5.100000,4.720000,5.050000,4.889850,9687800
2020-07-08,5.350000,5.800000,5.280000,5.790000,5.606383,16482600
2020-07-09,5.850000,5.870000,5.380000,5.510000,5.335262,15349100
2020-07-10,5.850000,5.970000,5.680000,5.820000,5.635431,10257600
2020-07-13,6.080000,6.100000,5.440000,5.470000,5.296531,13135600
2020-07-14,5.730000,6.040000,5.690000,6.040000,5.848455,13247800
2020-07-15,6.110000,6.110000,5.870000,6.020000,5.829089,10262100
2020-07-16,6.010000,6.050000,5.760000,5.830000,5.645114,9885200
2020-07-17,6.110000,6.440000,6.060000,6.420000,6.216404,11347200
2020-07-20,6.660000,6.740000,6.450000,6.560000,6.351964,10220400
2020-07-21,6.810000,6.880000,6.320000,6.340000,6.138940,16055800
2020-07-22,6.460000,6.480000,6.230000,6.420000,6.216404,11687900
2020-07-23,6.580000,6.820000,6.280000,6.470000,6.264818,13488300
2020-07-24,6.780000,7.060000,6.690000,7.030000,6.807059,12605200
2020-07-27,7.450000,7.610000,7.010000,7.100000,6.874838,24718500
2020-07-28,7.100000,7.220000,6.880000,7.090000,6.865156,12672900
2020-07-29,7.020000,7.060000,6.650000,6.840000,6.623085,12066900
2020-07-30,6.630000,6.840000,6.350000,6.380000,6.177672,13999700
2020-07-31,6.570000,6.600000,6.380000,6.450000,6.245452,9882800
2020-08-03,6.500000,6.520000,6.150000,6.350000,6.148623,7180700
2020-08-04,6.330000,6.870000,6.270000,6.870000,6.652133,9348100
2020-08-05,7.060000,7.210000,6.730000,6.900000,6.681181,10287800
2020-08-06,7.020000,7.030000,6.560000,6.690000,6.477842,6983300
2020-08-07,6.520000,6.620000,6.250000,6.390000,6.187355,7275300
2020-08-10,6.410000,6.570000,6.220000,6.230000,6.032430,5030800
2020-08-11,5.900000,6.000000,5.690000,5.740000,5.557969,10136900
2020-08-12,5.910000,6.000000,5.710000,5.720000,5.538602,9400200
2020-08-13,5.800000,6.030000,5.770000,5.930000,5.741943,7148000
2020-08-14,5.940000,5.990000,5.760000,5.950000,5.761308,5396700
2020-08-17,6.170000,6.300000,6.120000,6.250000,6.051795,7694200
2020-08-18,6.480000,6.570000,6.100000,6.180000,5.984015,8171900
2020-08-19,6.110000,6.180000,5.840000,5.900000,5.712894,8090000
2020-08-20,5.820000,5.990000,5.720000,5.940000,5.751626,6075500
2020-08-21,5.780000,5.860000,5.670000,5.760000,5.577334,5187100
2020-08-24,6.140000,6.170000,5.890000,5.920000,5.732260,9181300
2020-08-25,5.900000,5.900000,5.610000,5.790000,5.606383,5959300
2020-08-26,5.650000,5.990000,5.650000,5.960000,5.770992,6982700
2020-08-27,6.160000,6.160000,5.670000,5.750000,5.567651,7817700
2020-08-28,6.150000,6.530000,6.130000,6.480000,6.274501,10441800
2020-08-31,6.600000,6.710000,6.450000,6.480000,6.274501,10020700
2020-09-01,6.600000,6.600000,6.110000,6.230000,6.032430,8770400
2020-09-02,6.050000,6.050000,5.830000,6.030000,5.838771,7651300
2020-09-03,5.870000,6.090000,5.770000,6.030000,5.838771,7742200
2020-09-04,5.970000,6.040000,5.670000,5.950000,5.761308,9398200
2020-09-08,5.660000,5.900000,5.550000,5.760000,5.577334,8075300
2020-09-09,5.910000,6.270000,5.910000,6.250000,6.051795,7251200
2020-09-10,6.280000,6.370000,6.170000,6.240000,6.042112,8507700
2020-09-11,6.300000,6.410000,5.910000,6.000000,5.809723,7012500
2020-09-14,6.040000,6.200000,6.040000,6.190000,5.993698,5840600
2020-09-15,6.530000,6.620000,6.310000,6.360000,6.158307,7456100
2020-09-16,6.370000,6.400000,6.090000,6.110000,5.916234,6477400
2020-09-17,5.790000,5.840000,5.690000,5.770000,5.587017,9291200
2020-09-18,5.800000,5.800000,5.500000,5.530000,5.354628,13507400
2020-09-21,5.310000,5.430000,5.180000,5.290000,5.122239,9547500
2020-09-22,5.260000,5.340000,5.180000,5.280000,5.112557,5734900
2020-09-23,5.150000,5.190000,4.950000,4.990000,4.831753,9046400
2020-09-24,4.880000,5.230000,4.860000,5.140000,4.976996,8210300
2020-09-25,5.090000,5.190000,5.030000,5.120000,4.957630,4030000
2020-09-28,5.280000,5.290000,5.080000,5.180000,5.015728,5989400
2020-09-29,5.330000,5.460000,5.280000,5.420000,5.248117,4911400
2020-09-30,5.360000,5.380000,5.220000,5.270000,5.102873,6817200
2020-10-01,5.340000,5.410000,5.260000,5.290000,5.122239,4335500
2020-10-02,5.300000,5.400000,5.220000,5.260000,5.093191,3520800
2020-10-05,5.390000,5.570000,5.310000,5.410000,5.238433,6192900
2020-10-06,5.500000,5.570000,5.140000,5.150000,4.986679,7854700
2020-10-07,5.190000,5.300000,5.090000,5.230000,5.064142,4708700
2020-10-08,5.330000,5.450000,5.310000,5.440000,5.267482,3463700
2020-10-09,5.670000,5.960000,5.650000,5.960000,5.770992,8151400
2020-10-12,5.870000,5.890000,5.740000,5.850000,5.664480,4965500
2020-10-13,5.760000,5.810000,5.640000,5.770000,5.587017,4311000
2020-10-14,5.910000,6.020000,5.850000,5.930000,5.741943,5497900
2020-10-15,5.750000,5.830000,5.700000,5.760000,5.577334,3569500
2020-10-16,5.780000,5.800000,5.620000,5.660000,5.480505,3261700
2020-10-19,5.760000,5.760000,5.490000,5.490000,5.315897,3129000
2020-10-20,5.520000,5.590000,5.450000,5.590000,5.412725,3667400
2020-10-21,5.670000,5.920000,5.670000,5.780000,5.596700,4395400
2020-10-22,5.590000,5.630000,5.370000,5.530000,5.354628,5570400
2020-10-23,5.390000,5.410000,5.210000,5.300000,5.131923,5245000
2020-10-26,5.160000,5.270000,5.100000,5.130000,4.967313,4234300
2020-10-27,5.140000,5.270000,5.090000,5.270000,5.102873,3202500
2020-10-28,4.900000,4.940000,4.790000,4.810000,4.657461,5930500
2020-10-29,4.760000,4.960000,4.720000,4.880000,4.725241,4050500
2020-10-30,4.880000,4.960000,4.790000,4.910000,4.754290,4126600
2020-11-02,5.060000,5.250000,4.980000,5.240000,5.073824,3336100
2020-11-03,5.300000,5.340000,5.230000,5.270000,5.102873,4664800
2020-11-04,5.270000,5.360000,5.160000,5.190000,5.025410,3470200
2020-11-05,5.580000,5.840000,5.550000,5.790000,5.606383,7620100
2020-11-06,5.900000,5.920000,5.750000,5.830000,5.645114,5242000
2020-11-09,5.160000,5.180000,4.940000,5.090000,4.928582,6430200
2020-11-10,5.100000,5.210000,5.010000,5.020000,4.860801,6593700
2020-11-11,4.780000,4.860000,4.700000,4.760000,4.609047,8889500
2020-11-12,4.620000,4.780000,4.620000,4.690000,4.541267,10993200
2020-11-13,4.790000,4.860000,4.740000,4.810000,4.657461,3798400
2020-11-16,4.710000,4.780000,4.640000,4.710000,4.560633,4317600
2020-11-17,4.730000,4.730000,4.610000,4.630000,4.483170,4252100
2020-11-18,4.630000,4.680000,4.550000,4.560000,4.415389,3802600
2020-11-19,4.440000,4.600000,4.410000,4.550000,4.405707,4314400
2020-11-20,4.600000,4.660000,4.570000,4.660000,4.512218,3576500
2020-11-23,4.480000,4.490000,4.290000,4.320000,4.183001,6525600
2020-11-24,4.040000,4.220000,4.010000,4.160000,4.028074,7343000
2020-11-25,4.110000,4.290000,4.110000,4.290000,4.153952,6734500
2020-11-27,4.100000,4.270000,4.070000,4.240000,4.105537,2825000
2020-11-30,4.120000,4.280000,4.110000,4.210000,4.076489,8340800
2020-12-01,4.400000,4.600000,4.390000,4.550000,4.405707,6967200
2020-12-02,4.530000,4.600000,4.460000,4.550000,4.405707,4130900
2020-12-03,4.470000,4.490000,4.350000,4.420000,4.279829,4923600
2020-12-04,4.400000,4.460000,4.320000,4.330000,4.192684,4984200
2020-12-07,4.290000,4.530000,4.270000,4.470000,4.328244,7150800
2020-12-08,4.580000,4.600000,4.430000,4.510000,4.366976,3429700
2020-12-09,4.350000,4.390000,4.160000,4.220000,4.086172,6315900
2020-12-10,4.290000,4.370000,4.230000,4.240000,4.105537,2374400
2020-12-11,4.220000,4.280000,4.120000,4.140000,4.008708,4807900
2020-12-14,4.150000,4.230000,4.100000,4.100000,3.969977,3480900
2020-12-15,4.290000,4.480000,4.280000,4.480000,4.337926,5541600
2020-12-16,4.560000,4.590000,4.390000,4.560000,4.415389,5313200
2020-12-17,4.720000,4.860000,4.710000,4.810000,4.657461,6437800
2020-12-18,4.950000,4.960000,4.780000,4.780000,4.628413,7059000
2020-12-21,4.850000,4.940000,4.790000,4.860000,4.705875,5572100
2020-12-22,4.840000,4.860000,4.560000,4.610000,4.463804,5405000
2020-12-23,4.570000,4.700000,4.570000,4.680000,4.531584,3509300
2020-12-24,4.630000,4.810000,4.630000,4.770000,4.618730,2402400
2020-12-28,4.900000,4.960000,4.670000,4.680000,4.531584,5731800
2020-12-29,4.810000,4.850000,4.690000,4.730000,4.579998,5368400
2020-12-30,4.770000,4.890000,4.740000,4.890000,4.734924,4077200
2020-12-31,4.910000,4.930000,4.600000,4.680000,4.531584,5943100
2021-01-04,5.080000,5.370000,4.990000,5.330000,5.160971,10463500
2021-01-05,5.360000,5.380000,5.080000,5.130000,4.967313,8610100
2021-01-06,5.080000,5.080000,4.760000,4.950000,4.793022,10488900
2021-01-07,4.790000,4.850000,4.700000,4.780000,4.628413,7965500
2021-01-08,4.700000,4.720000,4.390000,4.520000,4.376658,7677300
2021-01-11,4.430000,4.530000,4.400000,4.410000,4.270146,4344000
2021-01-12,4.420000,4.530000,4.360000,4.530000,4.386342,4406100
2021-01-13,4.530000,4.570000,4.450000,4.470000,4.328244,2491000
2021-01-14,4.400000,4.520000,4.350000,4.440000,4.299195,4065400
2021-01-15,4.380000,4.460000,4.250000,4.260000,4.124904,5700200
2021-01-19,4.300000,4.330000,4.200000,4.230000,4.095855,4910500
2021-01-20,4.350000,4.520000,4.350000,4.490000,4.347610,4451200
2021-01-21,4.470000,4.500000,4.380000,4.460000,4.318561,3966100
2021-01-22,4.300000,4.490000,4.250000,4.410000,4.270146,3626100
2021-01-25,4.420000,4.480000,4.320000,4.430000,4.289512,4105600
2021-01-26,4.400000,4.620000,4.390000,4.600000,4.454121,4979300
2021-01-27,4.420000,4.470000,4.270000,4.290000,4.153952,5714800
2021-01-28,4.490000,4.620000,4.450000,4.530000,4.386342,10049500
2021-01-29,4.680000,4.720000,4.410000,4.450000,4.308878,7207000
2021-02-01,4.560000,4.630000,4.470000,4.530000,4.386342,8733200
2021-02-02,4.410000,4.430000,4.320000,4.330000,4.192684,4317700
2021-02-03,4.330000,4.370000,4.290000,4.330000,4.192684,3297500
2021-02-04,4.140000,4.210000,4.100000,4.190000,4.057124,4102900
2021-02-05,4.270000,4.320000,4.170000,4.320000,4.183001,4177500
2021-02-08,4.330000,4.380000,4.270000,4.300000,4.163635,5946800
2021-02-09,4.300000,4.330000,4.230000,4.290000,4.153952,4576300
2021-02-10,4.350000,4.390000,4.290000,4.330000,4.192684,4142300
2021-02-11,4.280000,4.310000,4.150000,4.180000,4.047440,4914900
2021-02-12,4.110000,4.210000,4.060000,4.130000,3.999026,4626900
2021-02-16,4.000000,4.090000,3.940000,3.950000,3.824734,5726900
2021-02-17,3.820000,3.890000,3.790000,3.890000,3.766637,7224500
2021-02-18,3.800000,3.910000,3.750000,3.770000,3.650443,5695600
2021-02-19,3.870000,3.900000,3.810000,3.860000,3.737588,5884000
2021-02-22,3.910000,4.160000,3.910000,4.150000,4.018392,8793900
2021-02-23,4.060000,4.110000,3.900000,4.060000,3.931246,5512400
2021-02-24,3.910000,4.120000,3.860000,4.100000,3.969977,4692400
2021-02-25,4.010000,4.050000,3.870000,3.920000,3.795686,5259800
2021-02-26,3.870000,3.920000,3.760000,3.790000,3.669808,7455900
2021-03-01,3.880000,3.940000,3.790000,3.820000,3.698857,4869000
2021-03-02,3.900000,4.190000,3.880000,4.120000,3.989343,9288800
2021-03-03,4.010000,4.240000,3.950000,4.140000,4.008708,7995600
2021-03-04,4.140000,4.360000,4.090000,4.200000,4.066806,10043900
2021-03-05,4.200000,4.360000,4.120000,4.330000,4.192684,5830100
2021-03-08,4.240000,4.380000,4.230000,4.320000,4.183001,4877300
2021-03-09,4.500000,4.630000,4.450000,4.520000,4.376658,6171700
2021-03-10,4.520000,4.600000,4.510000,4.580000,4.434755,5419300
2021-03-11,4.570000,4.610000,4.430000,4.470000,4.328244,6757800
2021-03-12,4.310000,4.410000,4.290000,4.350000,4.212049,3930900
2021-03-15,4.400000,4.550000,4.390000,4.470000,4.328244,4964300
2021-03-16,4.470000,4.560000,4.460000,4.490000,4.347610,3599100
2021-03-17,4.470000,4.590000,4.380000,4.570000,4.425073,4569400
2021-03-18,4.480000,4.570000,4.430000,4.500000,4.357292,4548400
2021-03-19,4.400000,4.550000,4.390000,4.540000,4.396024,8259700
2021-03-22,4.530000,4.600000,4.430000,4.450000,4.308878,2973600
2021-03-23,4.420000,4.430000,4.150000,4.160000,4.028074,6267100
2021-03-24,4.150000,4.180000,4.060000,4.080000,3.950612,3026300
2021-03-25,4.080000,4.150000,4.060000,4.150000,4.018392,3679200
2021-03-26,4.160000,4.400000,4.160000,4.400000,4.260464,6119300
2021-03-29,4.340000,4.510000,4.320000,4.500000,4.357292,5366800
2021-03-30,4.310000,4.360000,4.220000,4.250000,4.115221,4198000
2021-03-31,4.260000,4.450000,4.250000,4.360000,4.221732,5898300
2021-04-01,4.620000,4.910000,4.600000,4.870000,4.715559,8419800
2021-04-05,4.890000,4.910000,4.780000,4.820000,4.667144,3183000
2021-04-06,4.870000,5.040000,4.870000,4.940000,4.783338,6216300
2021-04-07,4.880000,4.930000,4.800000,4.820000,4.667144,5290000
2021-04-08,4.900000,5.030000,4.880000,4.940000,4.783338,4251400
2021-04-09,4.730000,4.910000,4.710000,4.880000,4.725241,5732500
2021-04-12,4.730000,4.760000,4.510000,4.580000,4.434755,6307900
2021-04-13,4.520000,4.600000,4.490000,4.570000,4.425073,6478600
2021-04-14,4.470000,4.490000,4.340000,4.350000,4.212049,5497000
2021-04-15,4.370000,4.660000,4.370000,4.600000,4.530144,7188600
2021-04-16,4.630000,4.730000,4.580000,4.720000,4.648322,4093000
2021-04-19,4.710000,4.730000,4.620000,4.690000,4.618777,3005400
2021-04-20,4.600000,4.750000,4.570000,4.660000,4.589233,4967700
2021-04-21,4.710000,4.860000,4.680000,4.860000,4.786196,4682300
2021-04-22,4.780000,4.850000,4.660000,4.740000,4.668018,4950800
2021-04-23,4.850000,4.930000,4.770000,4.790000,4.717259,4696500
2021-04-26,4.950000,4.970000,4.870000,4.880000,4.805892,4361300
2021-04-27,4.970000,4.970000,4.750000,4.770000,4.697563,3895000
2021-04-28,4.730000,4.840000,4.700000,4.830000,4.756651,4215800
2021-04-29,4.750000,4.750000,4.560000,4.630000,4.559689,4316700
2021-04-30,4.580000,4.650000,4.530000,4.540000,4.471056,2881100
2021-05-03,4.650000,4.840000,4.640000,4.820000,4.746803,3828800
2021-05-04,4.760000,4.840000,4.590000,4.650000,4.579385,4620800
2021-05-05,4.650000,4.650000,4.560000,4.620000,4.549840,3521000
2021-05-06,4.690000,4.960000,4.660000,4.850000,4.776348,8426200
2021-05-07,5.000000,5.200000,4.910000,5.180000,5.101336,8075000
2021-05-10,5.280000,5.300000,5.040000,5.070000,4.993007,5867100
2021-05-11,4.880000,5.030000,4.810000,4.980000,4.904374,7291700
2021-05-12,4.930000,4.970000,4.740000,4.760000,4.687715,5887400
2021-05-13,4.710000,4.850000,4.700000,4.780000,4.707411,4272400
2021-05-14,4.910000,5.030000,4.880000,4.990000,4.914221,4969100
2021-05-17,5.140000,5.600000,5.130000,5.530000,5.446021,12027300
2021-05-18,5.560000,5.610000,5.430000,5.580000,5.495262,8508000
2021-05-19,5.590000,5.760000,5.360000,5.470000,5.386932,9361100
2021-05-20,5.520000,5.600000,5.460000,5.500000,5.416477,4893300
2021-05-21,5.580000,5.590000,5.410000,5.480000,5.396780,4685500
2021-05-24,5.420000,5.450000,5.350000,5.450000,5.367236,4279300
2021-05-25,5.370000,5.480000,5.270000,5.430000,5.347539,6815400
2021-05-26,5.480000,5.510000,5.270000,5.340000,5.258907,6017600
2021-05-27,5.250000,5.270000,5.160000,5.160000,5.081640,5431700
2021-05-28,5.140000,5.250000,5.120000,5.160000,5.081640,6897300
2021-06-01,5.300000,5.360000,5.220000,5.260000,5.180121,6507200
2021-06-02,5.300000,5.380000,5.240000,5.360000,5.278603,4416400
2021-06-03,5.130000,5.140000,4.980000,5.010000,4.933918,7901400
2021-06-04,5.090000,5.130000,5.050000,5.100000,5.022551,4839800
2021-06-07,4.950000,4.980000,4.890000,4.940000,4.864981,5993200
2021-06-08,4.850000,4.870000,4.730000,4.750000,4.677866,7038000
2021-06-09,4.730000,4.780000,4.670000,4.670000,4.599082,6569800
2021-06-10,4.660000,4.820000,4.620000,4.820000,4.746803,5821100
2021-06-11,4.740000,4.800000,4.600000,4.640000,4.569537,8257400
2021-06-14,4.510000,4.590000,4.470000,4.500000,4.431663,7619700
2021-06-15,4.490000,4.500000,4.370000,4.430000,4.362726,6050500
2021-06-16,4.460000,4.500000,4.220000,4.280000,4.215004,6944800
2021-06-17,4.220000,4.290000,4.150000,4.220000,4.155914,12141900
2021-06-18,4.220000,4.260000,4.080000,4.080000,4.018041,9589800
2021-06-21,4.150000,4.180000,4.080000,4.150000,4.086978,5442200
2021-06-22,4.030000,4.050000,3.970000,3.980000,3.919559,8171300
2021-06-23,3.920000,4.030000,3.860000,3.870000,3.811230,7430600
2021-06-24,3.940000,3.990000,3.850000,3.860000,3.801382,6150600
2021-06-25,3.930000,3.960000,3.820000,3.830000,3.771837,4778700
2021-06-28,3.800000,3.850000,3.700000,3.740000,3.683204,6912500
2021-06-29,3.670000,3.750000,3.660000,3.680000,3.624115,8559800
2021-06-30,3.710000,3.770000,3.690000,3.730000,3.673356,7907700
2021-07-01,3.850000,3.910000,3.780000,3.800000,3.742293,7130700
2021-07-02,3.880000,3.890000,3.760000,3.860000,3.801382,4884300
2021-07-06,3.970000,4.040000,3.830000,3.870000,3.811230,8141600
2021-07-07,3.950000,3.960000,3.840000,3.910000,3.850622,4477600
2021-07-08,3.950000,3.970000,3.720000,3.740000,3.683204,7955400
2021-07-09,3.730000,3.850000,3.730000,3.820000,3.761989,6082500
2021-07-12,3.780000,3.930000,3.750000,3.820000,3.761989,9789700
2021-07-13,3.900000,4.150000,3.890000,4.000000,3.939256,12504200
2021-07-14,4.130000,4.170000,4.040000,4.110000,4.047585,7680700
2021-07-15,4.120000,4.170000,4.090000,4.170000,4.106674,5969400
2021-07-16,4.140000,4.170000,4.010000,4.040000,3.978648,5433800
2021-07-19,3.990000,4.060000,3.940000,4.050000,3.988497,5773400
2021-07-20,4.110000,4.180000,4.060000,4.080000,4.018041,4370900
2021-07-21,4.010000,4.130000,4.010000,4.100000,4.037737,3205000
2021-07-22,4.080000,4.090000,3.990000,4.060000,3.998345,2850200
2021-07-23,4.020000,4.050000,3.910000,3.910000,3.850622,4926900
2021-07-26,3.960000,4.070000,3.960000,4.030000,3.968800,3816100
2021-07-27,4.080000,4.080000,3.990000,4.070000,4.008193,3149000
2021-07-28,4.030000,4.140000,4.000000,4.130000,4.067282,2876800
2021-07-29,4.260000,4.330000,4.240000,4.250000,4.185459,4236700
2021-07-30,4.160000,4.200000,4.080000,4.100000,4.037737,4979200
2021-08-02,4.110000,4.180000,4.070000,4.160000,4.096826,2707100
2021-08-03,4.130000,4.240000,4.120000,4.210000,4.146067,1779000
2021-08-04,4.300000,4.350000,4.190000,4.220000,4.155914,4416600
2021-08-05,4.180000,4.190000,4.000000,4.010000,3.949104,4565700
2021-08-06,3.880000,3.900000,3.730000,3.750000,3.693052,8274800
2021-08-09,3.640000,3.710000,3.550000,3.580000,3.525634,7480000
2021-08-10,3.520000,3.550000,3.460000,3.490000,3.437001,4977900
2021-08-11,3.590000,3.670000,3.590000,3.620000,3.565027,4268300
2021-08-12,3.580000,3.580000,3.470000,3.490000,3.437001,3311200
2021-08-13,3.560000,3.600000,3.520000,3.570000,3.515786,3581900
2021-08-16,3.630000,3.670000,3.600000,3.650000,3.594571,3492000
2021-08-17,3.640000,3.750000,3.630000,3.640000,3.584723,5902200
2021-08-18,3.650000,3.650000,3.490000,3.530000,3.476393,4527800
2021-08-19,3.570000,3.570000,3.480000,3.490000,3.437001,3791200
2021-08-20,3.520000,3.630000,3.500000,3.580000,3.525634,3659200
2021-08-23,3.710000,3.820000,3.660000,3.760000,3.702900,4692500
2021-08-24,3.750000,3.770000,3.690000,3.740000,3.683204,3782900
2021-08-25,3.700000,3.700000,3.570000,3.600000,3.545330,4287400
2021-08-26,3.530000,3.640000,3.510000,3.560000,3.505938,4241100
2021-08-27,3.600000,3.850000,3.580000,3.840000,3.781685,7508200
2021-08-30,3.840000,3.850000,3.760000,3.790000,3.732445,4256100
2021-08-31,3.650000,3.790000,3.640000,3.780000,3.722597,7107500
2021-09-01,3.790000,3.800000,3.690000,3.690000,3.633964,4787000
2021-09-02,3.600000,3.600000,3.470000,3.530000,3.476393,9517700
2021-09-03,3.510000,3.590000,3.480000,3.510000,3.456697,9536300
2021-09-07,3.400000,3.430000,3.270000,3.270000,3.220341,9063600
2021-09-08,3.270000,3.270000,3.160000,3.230000,3.180949,6484900
2021-09-09,3.210000,3.210000,3.120000,3.170000,3.121860,9150100
2021-09-10,3.190000,3.200000,3.110000,3.130000,3.082468,5909900
2021-09-13,3.160000,3.360000,3.140000,3.300000,3.249886,9802800
2021-09-14,3.420000,3.480000,3.320000,3.460000,3.407456,8906100
2021-09-15,3.380000,3.450000,3.360000,3.410000,3.358216,5215300
2021-09-16,3.230000,3.230000,3.130000,3.210000,3.161253,8232300
2021-09-17,3.170000,3.240000,3.160000,3.230000,3.180949,10289200
2021-09-20,3.210000,3.310000,3.180000,3.300000,3.249886,5418500
2021-09-21,3.330000,3.360000,3.250000,3.280000,3.230190,4244600
2021-09-22,3.280000,3.370000,3.250000,3.260000,3.210494,5199300
2021-09-23,3.230000,3.240000,3.150000,3.220000,3.171101,6889900
2021-09-24,3.210000,3.260000,3.180000,3.180000,3.131708,5874600
2021-09-27,3.210000,3.310000,3.190000,3.230000,3.180949,4352300
2021-09-28,3.150000,3.210000,3.120000,3.180000,3.131708,5347400
2021-09-29,3.130000,3.140000,3.000000,3.010000,2.964290,6228900
2021-09-30,3.090000,3.210000,3.070000,3.150000,3.102164,7343100
2021-10-01,3.200000,3.210000,3.140000,3.180000,3.131708,2604900
2021-10-04,3.150000,3.240000,3.140000,3.220000,3.171101,4548800
2021-10-05,3.230000,3.270000,3.150000,3.240000,3.190797,3827200
2021-10-06,3.240000,3.410000,3.220000,3.410000,3.358216,6426700
2021-10-07,3.390000,3.480000,3.380000,3.430000,3.377912,3492600
2021-10-08,3.570000,3.600000,3.460000,3.500000,3.446849,4872500
2021-10-11,3.500000,3.590000,3.490000,3.540000,3.486241,2803000
2021-10-12,3.630000,3.750000,3.580000,3.690000,3.633964,5191500
2021-10-13,3.760000,3.880000,3.760000,3.860000,3.801382,6223300
2021-10-14,3.900000,3.910000,3.820000,3.890000,3.849877,5218200
2021-10-15,3.730000,3.910000,3.710000,3.860000,3.820186,5464600
2021-10-18,3.830000,3.890000,3.790000,3.800000,3.760805,3178300
2021-10-19,3.900000,3.920000,3.800000,3.860000,3.820186,4284000
2021-10-20,3.920000,4.030000,3.920000,3.940000,3.899361,5331100
2021-10-21,3.890000,3.910000,3.830000,3.900000,3.859773,3591300
2021-10-22,4.000000,4.090000,3.930000,3.930000,3.889464,5133700
2021-10-25,4.010000,4.020000,3.950000,3.980000,3.938948,4446500
2021-10-26,3.940000,3.950000,3.870000,3.920000,3.879567,4043700
2021-10-27,3.940000,3.950000,3.850000,3.870000,3.830083,4457900
2021-10-28,3.870000,3.900000,3.760000,3.770000,3.731114,4097500
2021-10-29,3.710000,3.710000,3.590000,3.620000,3.582661,4042300
2021-11-01,3.640000,3.660000,3.590000,3.590000,3.552971,3119900
2021-11-02,3.570000,3.580000,3.500000,3.550000,3.513383,2994900
2021-11-03,3.500000,3.610000,3.450000,3.560000,3.523280,7925300
2021-11-04,3.670000,3.740000,3.520000,3.530000,3.493590,6334600
2021-11-05,3.530000,3.630000,3.480000,3.630000,3.592558,6216500
2021-11-08,3.680000,3.720000,3.610000,3.640000,3.602455,6040800
2021-11-09,3.650000,3.680000,3.550000,3.600000,3.562868,7127800
2021-11-10,3.740000,3.830000,3.710000,3.710000,3.671733,9745100
2021-11-11,4.010000,4.170000,4.010000,4.110000,4.067607,11380800
2021-11-12,4.010000,4.100000,3.960000,4.070000,4.028020,6378700
2021-11-15,4.100000,4.150000,4.050000,4.140000,4.097298,3776800
2021-11-16,4.170000,4.210000,4.100000,4.120000,4.077504,4787300
2021-11-17,4.260000,4.320000,4.210000,4.250000,4.206163,6868200
2021-11-18,4.250000,4.270000,4.130000,4.170000,4.126988,4821500
2021-11-19,4.170000,4.180000,4.030000,4.030000,3.988432,4416300
2021-11-22,3.990000,4.060000,3.880000,4.020000,3.978536,5885600
2021-11-23,3.950000,3.980000,3.850000,3.930000,3.889464,5430600
2021-11-24,3.860000,3.930000,3.830000,3.890000,3.849877,3246300
2021-11-26,3.950000,3.980000,3.790000,3.860000,3.820186,4113300
2021-11-29,3.940000,4.040000,3.870000,4.040000,3.998329,8976100
2021-11-30,4.160000,4.330000,4.130000,4.260000,4.216060,8292800
2021-12-01,4.370000,4.400000,4.110000,4.120000,4.077504,7323100
2021-12-02,4.190000,4.210000,4.050000,4.120000,4.077504,7632800
2021-12-03,4.250000,4.270000,4.120000,4.220000,4.176473,9751100
2021-12-06,4.180000,4.230000,4.080000,4.090000,4.047813,5882400
2021-12-07,4.140000,4.170000,3.970000,3.990000,3.948845,7966900
2021-12-08,3.950000,3.980000,3.870000,3.920000,3.879567,4949300
2021-12-09,3.890000,3.910000,3.780000,3.840000,3.800392,4929500
2021-12-10,3.790000,3.790000,3.640000,3.650000,3.612352,6015500
2021-12-13,3.650000,3.700000,3.590000,3.600000,3.562868,7183100
2021-12-14,3.590000,3.660000,3.530000,3.580000,3.543074,5731600
2021-12-15,3.610000,3.620000,3.400000,3.490000,3.454002,6739200
2021-12-16,3.590000,3.780000,3.560000,3.780000,3.741011,4920100
2021-12-17,3.880000,3.910000,3.730000,3.760000,3.721217,13147300
2021-12-20,3.790000,3.880000,3.750000,3.860000,3.820186,4235800
2021-12-21,3.950000,3.960000,3.840000,3.940000,3.899361,4779200
2021-12-22,3.960000,3.970000,3.880000,3.960000,3.919154,2861700
2021-12-23,3.930000,3.990000,3.870000,3.950000,3.909257,3376200
2021-12-27,3.910000,4.000000,3.880000,3.990000,3.948845,2456800
2021-12-28,4.000000,4.050000,3.920000,3.920000,3.879567,2913600
2021-12-29,3.900000,3.990000,3.890000,3.940000,3.899361,3491000
2021-12-30,4.000000,4.080000,3.970000,4.080000,4.037917,4307800
2021-12-31,4.090000,4.120000,4.040000,4.110000,4.067607,1955400
2022-01-03,3.990000,4.000000,3.880000,3.890000,3.849877,3836900
2022-01-04,3.960000,4.000000,3.870000,3.900000,3.859773,4808800
2022-01-05,3.950000,4.010000,3.780000,3.800000,3.760805,6044700
2022-01-06,3.680000,3.700000,3.520000,3.530000,3.493590,5954200
2022-01-07,3.560000,3.560000,3.480000,3.510000,3.473796,3624600
2022-01-10,3.490000,3.540000,3.420000,3.520000,3.483693,4629700
2022-01-11,3.640000,3.760000,3.600000,3.760000,3.721217,5619400
2022-01-12,3.820000,3.880000,3.790000,3.880000,3.839980,4726500
2022-01-13,3.870000,3.890000,3.760000,3.770000,3.731114,3025000
2022-01-14,3.780000,3.780000,3.690000,3.720000,3.681630,3155700
2022-01-18,3.640000,3.690000,3.590000,3.610000,3.572764,4512800
2022-01-19,3.730000,4.240000,3.710000,4.200000,4.156679,12109000
2022-01-20,4.260000,4.260000,4.110000,4.110000,4.067607,7705300
2022-01-21,4.180000,4.220000,4.060000,4.080000,4.037917,5561600
2022-01-24,4.020000,4.040000,3.830000,4.020000,3.978536,8884500
2022-01-25,3.940000,4.170000,3.910000,4.160000,4.117091,7615800
2022-01-26,3.970000,4.020000,3.650000,3.710000,3.671733,10410000
2022-01-27,3.590000,3.670000,3.500000,3.520000,3.483693,7266100
2022-01-28,3.460000,3.470000,3.340000,3.400000,3.364931,7067000
2022-01-31,3.430000,3.610000,3.430000,3.590000,3.552971,4696200
2022-02-01,3.650000,3.720000,3.600000,3.640000,3.602455,4527200
2022-02-02,3.600000,3.690000,3.560000,3.600000,3.562868,4218400
2022-02-03,3.540000,3.630000,3.490000,3.560000,3.523280,4027600
2022-02-04,3.540000,3.640000,3.540000,3.610000,3.572764,2459100
2022-02-07,3.630000,3.780000,3.570000,3.730000,3.691527,5108200
2022-02-08,3.740000,3.780000,3.670000,3.780000,3.741011,6116200
2022-02-09,3.730000,3.780000,3.710000,3.710000,3.671733,4030100
2022-02-10,3.700000,3.820000,3.610000,3.640000,3.602455,5167400
2022-02-11,3.600000,3.870000,3.600000,3.830000,3.790495,8100000
2022-02-14,3.830000,3.970000,3.830000,3.950000,3.909257,9504000
2022-02-15,3.670000,3.680000,3.560000,3.610000,3.572764,13199500
2022-02-16,3.620000,3.840000,3.620000,3.790000,3.750908,10840800
2022-02-17,3.890000,4.150000,3.820000,4.130000,4.087401,15545000
2022-02-18,4.090000,4.190000,4.010000,4.130000,4.087401,13276600
2022-02-22,3.980000,4.070000,3.890000,3.920000,3.879567,11205800
2022-02-23,3.870000,4.170000,3.870000,4.120000,4.077504,10158500
2022-02-24,4.350000,4.380000,3.930000,3.990000,3.948845,15045200
2022-02-25,3.900000,3.970000,3.840000,3.970000,3.929051,7951300
2022-02-28,4.240000,4.400000,4.170000,4.250000,4.206163,10875600
2022-03-01,4.390000,4.830000,4.390000,4.820000,4.770284,17791200
2022-03-02,4.820000,4.880000,4.680000,4.780000,4.730697,12082200
2022-03-03,4.790000,4.880000,4.740000,4.880000,4.829665,9659200
2022-03-04,4.890000,5.240000,4.890000,5.090000,5.037499,12331300
2022-03-07,5.230000,5.320000,5.090000,5.240000,5.185951,14631600
2022-03-08,5.380000,5.500000,4.970000,5.230000,5.176055,21134100
2022-03-09,4.810000,5.240000,4.760000,5.170000,5.116674,13230200
2022-03-10,5.180000,5.430000,5.180000,5.360000,5.304714,9848800
2022-03-11,5.120000,5.330000,5.040000,5.240000,5.185951,7799800
2022-03-14,5.040000,5.100000,4.850000,4.950000,4.898942,11322700
2022-03-15,4.680000,5.060000,4.670000,4.970000,4.918736,11610100
2022-03-16,4.950000,4.990000,4.770000,4.900000,4.849459,8565100
2022-03-17,5.000000,5.170000,4.940000,5.010000,4.958324,7070700
2022-03-18,4.960000,5.050000,4.890000,4.960000,4.908840,13958700
2022-03-21,4.880000,5.160000,4.860000,5.090000,5.037499,7156900
2022-03-22,5.000000,5.020000,4.810000,4.970000,4.918736,9004900
2022-03-23,5.040000,5.270000,4.930000,5.250000,5.195848,8550400
2022-03-24,5.290000,5.400000,5.190000,5.210000,5.156261,8470900
2022-03-25,5.100000,5.280000,5.060000,5.200000,5.146364,5273200
2022-03-28,5.050000,5.060000,4.910000,4.930000,4.879149,5435200
2022-03-29,4.730000,4.930000,4.670000,4.920000,4.869252,7815800
2022-03-30,4.970000,5.180000,4.970000,5.090000,5.037499,5813400
2022-03-31,5.090000,5.160000,5.020000,5.030000,4.978118,4748500
2022-04-01,5.010000,5.250000,4.990000,5.240000,5.185951,4663600
2022-04-04,5.130000,5.150000,4.800000,4.860000,4.809872,8511800
2022-04-05,4.880000,4.980000,4.640000,4.670000,4.621831,6757200
2022-04-06,4.620000,4.800000,4.620000,4.720000,4.671315,8106400
2022-04-07,4.690000,4.810000,4.640000,4.730000,4.707141,5308200
2022-04-08,4.750000,4.900000,4.750000,4.860000,4.836514,4278700
2022-04-11,4.970000,4.970000,4.710000,4.760000,4.736997,4768000
2022-04-12,4.890000,4.910000,4.710000,4.740000,4.717093,5083500
2022-04-13,4.820000,4.920000,4.750000,4.860000,4.836514,4367000
2022-04-14,4.800000,4.830000,4.680000,4.820000,4.796707,4842800
2022-04-18,4.940000,5.040000,4.810000,4.820000,4.796707,6348200
2022-04-19,4.750000,4.760000,4.490000,4.540000,4.518060,5937200
2022-04-20,4.540000,4.620000,4.450000,4.610000,4.587721,4094000
2022-04-21,4.520000,4.530000,4.320000,4.420000,4.398640,9992200
2022-04-22,4.300000,4.360000,4.180000,4.250000,4.229461,5377100
2022-04-25,4.020000,4.160000,3.950000,4.090000,4.070234,6966700
2022-04-26,4.130000,4.180000,4.030000,4.070000,4.050331,4854600
2022-04-27,4.090000,4.170000,4.050000,4.060000,4.040379,4052800
2022-04-28,4.060000,4.200000,4.010000,4.190000,4.169751,4874900
2022-04-29,4.230000,4.310000,4.090000,4.090000,4.070234,4282400
2022-05-02,3.990000,4.100000,3.880000,4.090000,4.070234,6429200
2022-05-03,4.030000,4.220000,4.030000,4.180000,4.159799,5123900
2022-05-04,4.120000,4.260000,4.050000,4.230000,4.209558,5284400
2022-05-05,4.200000,4.220000,3.960000,4.030000,4.010524,8807300
2022-05-06,3.930000,3.970000,3.890000,3.930000,3.911008,8506000
2022-05-09,3.680000,3.730000,3.580000,3.580000,3.562699,9008700
2022-05-10,3.670000,3.710000,3.410000,3.480000,3.463182,5970900
2022-05-11,3.580000,3.630000,3.470000,3.490000,3.473134,4957500
2022-05-12,3.390000,3.420000,3.200000,3.290000,3.274101,9709700
2022-05-13,3.290000,3.540000,3.280000,3.510000,3.493037,6812600
2022-05-16,3.450000,3.660000,3.440000,3.600000,3.582602,6331500
2022-05-17,3.650000,3.690000,3.520000,3.550000,3.532844,4777800
2022-05-18,3.520000,3.580000,3.420000,3.430000,3.413424,3380000
2022-05-19,3.580000,3.690000,3.550000,3.630000,3.612458,6674700
2022-05-20,3.610000,3.620000,3.500000,3.590000,3.572651,5589500
2022-05-23,3.690000,3.740000,3.630000,3.670000,3.652264,4276700
2022-05-24,3.630000,3.740000,3.610000,3.670000,3.652264,4393400
2022-05-25,3.600000,3.640000,3.530000,3.630000,3.612458,3799500
2022-05-26,3.610000,3.670000,3.570000,3.620000,3.602506,3212300
2022-05-27,3.680000,3.690000,3.600000,3.670000,3.652264,3146500
2022-05-31,3.690000,3.710000,3.360000,3.370000,3.353714,7838200
2022-06-01,3.380000,3.390000,3.280000,3.350000,3.333810,3992600
2022-06-02,3.460000,3.710000,3.450000,3.670000,3.652264,6818200
2022-06-03,3.610000,3.640000,3.520000,3.570000,3.552747,4124700
2022-06-06,3.570000,3.580000,3.410000,3.470000,3.453231,3561900
2022-06-07,3.400000,3.440000,3.320000,3.380000,3.363666,5621300
2022-06-08,3.300000,3.370000,3.250000,3.330000,3.313907,6737800
2022-06-09,3.280000,3.280000,3.180000,3.200000,3.184536,3627000
2022-06-10,3.150000,3.530000,3.150000,3.520000,3.502989,9329400
2022-06-13,3.330000,3.360000,3.130000,3.140000,3.124825,6665800
2022-06-14,3.190000,3.190000,3.030000,3.070000,3.055164,4214600
2022-06-15,3.250000,3.300000,3.060000,3.180000,3.164632,8709300
2022-06-16,3.140000,3.340000,3.110000,3.320000,3.303955,11393900
2022-06-17,3.260000,3.380000,3.210000,3.360000,3.343762,12960700
2022-06-21,3.340000,3.440000,3.310000,3.440000,3.423376,6962900
2022-06-22,3.320000,3.450000,3.260000,3.260000,3.244246,4699800
2022-06-23,3.240000,3.310000,3.100000,3.180000,3.164632,4717900
2022-06-24,3.180000,3.320000,3.140000,3.280000,3.264149,4044800
2022-06-27,3.310000,3.450000,3.280000,3.410000,3.393521,5045700
2022-06-28,3.400000,3.420000,3.260000,3.290000,3.274101,3427000
2022-06-29,3.360000,3.400000,3.200000,3.240000,3.224342,3573100
2022-06-30,3.250000,3.260000,3.120000,3.130000,3.114874,3795100
2022-07-01,3.100000,3.260000,3.040000,3.250000,3.234294,4457700
2022-07-05,3.170000,3.210000,3.090000,3.180000,3.164632,7294200
2022-07-06,3.180000,3.280000,3.140000,3.240000,3.224342,5454400
2022-07-07,3.280000,3.350000,3.230000,3.250000,3.234294,5456500
2022-07-08,3.300000,3.380000,3.240000,3.290000,3.274101,4416100
2022-07-11,3.240000,3.330000,3.210000,3.220000,3.204439,2685300
2022-07-12,3.190000,3.230000,3.060000,3.080000,3.065115,3952700
2022-07-13,3.050000,3.290000,3.040000,3.250000,3.234294,5045900
2022-07-14,3.050000,3.070000,2.920000,3.050000,3.035260,6418900
2022-07-15,3.050000,3.050000,2.980000,3.030000,3.015357,4475100
2022-07-18,3.060000,3.110000,3.020000,3.020000,3.005405,4847000
2022-07-19,3.050000,3.120000,3.010000,3.060000,3.045212,3055500
2022-07-20,3.030000,3.070000,2.970000,2.990000,2.975550,4868100
2022-07-21,2.990000,3.110000,2.960000,3.110000,3.094970,5057200
2022-07-22,3.190000,3.310000,3.100000,3.110000,3.094970,3673300
2022-07-25,3.150000,3.150000,2.970000,2.970000,2.955647,5364600
2022-07-26,3.000000,3.090000,2.990000,3.090000,3.075067,3192400
2022-07-27,3.110000,3.220000,3.050000,3.200000,3.184536,4120700
2022-07-28,3.300000,3.340000,3.190000,3.240000,3.224342,5351000
2022-07-29,3.260000,3.290000,3.160000,3.270000,3.254197,2878100
2022-08-01,3.260000,3.300000,3.200000,3.270000,3.254197,2483500
2022-08-02,3.270000,3.420000,3.220000,3.240000,3.224342,5533300
2022-08-03,3.210000,3.220000,3.120000,3.150000,3.134777,4196300
2022-08-04,3.120000,3.300000,3.100000,3.260000,3.244246,6161400
2022-08-05,3.200000,3.430000,3.190000,3.430000,3.413424,4332500
2022-08-08,3.490000,3.600000,3.490000,3.550000,3.532844,3340200
2022-08-09,3.560000,3.600000,3.420000,3.480000,3.463182,2957600
2022-08-10,3.600000,3.610000,3.470000,3.520000,3.502989,3140600
2022-08-11,3.530000,3.580000,3.420000,3.440000,3.423376,2796500
2022-08-12,3.480000,3.550000,3.440000,3.500000,3.483086,1908600
2022-08-15,3.440000,3.500000,3.420000,3.490000,3.473134,1757100
2022-08-16,3.430000,3.470000,3.390000,3.470000,3.453231,2182300
2022-08-17,3.420000,3.430000,3.260000,3.300000,3.284052,3539800
2022-08-18,3.320000,3.350000,3.280000,3.340000,3.323859,2181600
2022-08-19,3.270000,3.270000,3.180000,3.200000,3.184536,3035900
2022-08-22,3.170000,3.240000,3.150000,3.230000,3.214391,2983200
2022-08-23,3.230000,3.350000,3.220000,3.250000,3.234294,3862300
2022-08-24,3.200000,3.290000,3.170000,3.280000,3.264149,3827500
2022-08-25,3.300000,3.310000,3.240000,3.290000,3.274101,2857200
2022-08-26,3.290000,3.350000,3.120000,3.160000,3.144729,3480600
2022-08-29,3.100000,3.160000,3.040000,3.040000,3.025309,3423200
2022-08-30,2.990000,3.000000,2.690000,2.720000,2.706855,8910000
2022-08-31,2.630000,2.700000,2.500000,2.610000,2.597387,13794800
2022-09-01,2.520000,2.550000,2.410000,2.410000,2.398353,8549400
2022-09-02,2.440000,2.560000,2.400000,2.500000,2.487918,8641700
2022-09-06,2.460000,2.510000,2.330000,2.350000,2.338643,6428100
2022-09-07,2.330000,2.430000,2.300000,2.400000,2.388402,5938400
2022-09-08,2.270000,2.290000,2.160000,2.230000,2.219223,10025200
2022-09-09,2.270000,2.400000,2.260000,2.390000,2.378450,9356800
2022-09-12,2.330000,2.420000,2.300000,2.360000,2.348595,9429200
2022-09-13,2.220000,2.280000,2.190000,2.190000,2.179416,5830700
2022-09-14,2.190000,2.240000,2.160000,2.190000,2.179416,6453900
2022-09-15,2.140000,2.170000,2.070000,2.100000,2.089851,11252200
2022-09-16,2.020000,2.170000,2.000000,2.170000,2.159513,14989700
2022-09-19,2.100000,2.190000,2.080000,2.170000,2.159513,7245500
2022-09-20,2.100000,2.120000,2.080000,2.120000,2.109755,6614600
2022-09-21,2.120000,2.230000,2.080000,2.130000,2.119706,7542800
2022-09-22,2.100000,2.160000,2.090000,2.130000,2.119706,6481700
2022-09-23,1.950000,2.030000,1.940000,2.000000,1.990335,19660300
2022-09-26,1.980000,2.100000,1.970000,2.010000,2.000286,10862800
2022-09-27,2.150000,2.240000,2.150000,2.200000,2.189368,8592500
2022-09-28,2.250000,2.350000,2.250000,2.320000,2.308788,8542200
2022-09-29,2.310000,2.360000,2.270000,2.360000,2.348595,6418200
2022-09-30,2.380000,2.460000,2.340000,2.430000,2.418257,7377800
2022-10-03,2.480000,2.590000,2.440000,2.580000,2.567532,9414300
2022-10-04,2.720000,2.900000,2.700000,2.870000,2.856130,12729800
2022-10-05,2.790000,2.830000,2.710000,2.770000,2.756613,7167700
2022-10-06,2.850000,2.910000,2.800000,2.860000,2.846179,5623300
2022-10-07,2.910000,2.950000,2.820000,2.840000,2.826275,9047700
2022-10-10,2.780000,2.840000,2.740000,2.760000,2.746662,4412900
2022-10-11,2.810000,2.900000,2.750000,2.750000,2.736710,5874600
2022-10-12,2.760000,2.800000,2.670000,2.690000,2.677000,4719800
2022-10-13,2.550000,2.660000,2.500000,2.610000,2.610000,6082000
2022-10-14,2.640000,2.660000,2.470000,2.510000,2.510000,7722600
2022-10-17,2.650000,2.840000,2.630000,2.750000,2.750000,8740100
2022-10-18,2.780000,2.790000,2.680000,2.710000,2.710000,4744500
2022-10-19,2.640000,2.680000,2.600000,2.610000,2.610000,2965500
2022-10-20,2.550000,2.710000,2.550000,2.610000,2.610000,4938900
2022-10-21,2.670000,2.780000,2.630000,2.780000,2.780000,4812200
2022-10-24,2.700000,2.730000,2.640000,2.720000,2.720000,4377100
2022-10-25,2.700000,2.810000,2.700000,2.760000,2.760000,4372500
2022-10-26,2.800000,2.880000,2.800000,2.860000,2.860000,3598700
2022-10-27,2.890000,2.930000,2.840000,2.860000,2.860000,2931400
2022-10-28,2.800000,2.870000,2.770000,2.860000,2.860000,2352000
2022-10-31,2.770000,2.830000,2.740000,2.800000,2.800000,2857300
2022-11-01,2.950000,2.950000,2.890000,2.930000,2.930000,4686000
2022-11-02,2.900000,2.920000,2.720000,2.730000,2.730000,7760900
2022-11-03,2.640000,2.710000,2.620000,2.640000,2.640000,3527100
2022-11-04,2.800000,3.010000,2.790000,3.010000,3.010000,7490800
2022-11-07,3.000000,3.050000,2.960000,3.030000,3.030000,4267000
2022-11-08,3.000000,3.260000,3.000000,3.210000,3.210000,6344400
2022-11-09,3.240000,3.300000,3.180000,3.210000,3.210000,5408000
2022-11-10,3.430000,3.550000,3.350000,3.500000,3.500000,8736400
2022-11-11,3.550000,3.560000,3.390000,3.440000,3.440000,5266600
2022-11-14,3.490000,3.540000,3.440000,3.480000,3.480000,6224000
2022-11-15,3.510000,3.530000,3.390000,3.460000,3.460000,5309100
2022-11-16,3.420000,3.560000,3.420000,3.450000,3.450000,4258900
2022-11-17,3.320000,3.380000,3.290000,3.320000,3.320000,3416100
2022-11-18,3.310000,3.380000,3.290000,3.340000,3.340000,3577900
2022-11-21,3.360000,3.420000,3.340000,3.370000,3.370000,2498300
2022-11-22,3.460000,3.540000,3.420000,3.510000,3.510000,3841400
2022-11-23,3.590000,3.620000,3.450000,3.570000,3.570000,5631200
2022-11-25,3.620000,3.650000,3.560000,3.570000,3.570000,2493500
2022-11-28,3.620000,3.640000,3.380000,3.380000,3.380000,8797500
2022-11-29,3.500000,3.570000,3.470000,3.500000,3.500000,4310900
2022-11-30,3.650000,3.660000,3.490000,3.510000,3.510000,9471300
2022-12-01,3.670000,3.760000,3.550000,3.620000,3.620000,7187100
2022-12-02,3.510000,3.570000,3.510000,3.520000,3.520000,4440200
2022-12-05,3.520000,3.570000,3.430000,3.440000,3.440000,2788800
2022-12-06,3.530000,3.560000,3.490000,3.500000,3.500000,3513700
2022-12-07,3.580000,3.640000,3.500000,3.500000,3.500000,4555900
2022-12-08,3.580000,3.610000,3.500000,3.510000,3.510000,3171900
2022-12-09,3.550000,3.630000,3.450000,3.450000,3.450000,4364400
2022-12-12,3.440000,3.460000,3.320000,3.370000,3.370000,4196100
2022-12-13,3.610000,3.640000,3.460000,3.510000,3.510000,4078700
2022-12-14,3.620000,3.650000,3.500000,3.510000,3.510000,6574900
2022-12-15,3.390000,3.400000,3.220000,3.230000,3.230000,3898100
2022-12-16,3.230000,3.290000,3.180000,3.210000,3.210000,10204200
2022-12-19,3.330000,3.420000,3.230000,3.260000,3.260000,4073700
2022-12-20,3.340000,3.430000,3.330000,3.340000,3.340000,3271700
2022-12-21,3.410000,3.460000,3.390000,3.400000,3.400000,3450100
2022-12-22,3.380000,3.490000,3.310000,3.460000,3.460000,5264700
2022-12-23,3.450000,3.480000,3.380000,3.400000,3.400000,3718800
2022-12-27,3.400000,3.530000,3.380000,3.480000,3.480000,3730500
2022-12-28,3.510000,3.550000,3.360000,3.400000,3.400000,3687900
2022-12-29,3.530000,3.600000,3.440000,3.460000,3.460000,4016500
2022-12-30,3.430000,3.460000,3.320000,3.400000,3.400000,2927200
2023-01-03,3.470000,3.620000,3.470000,3.520000,3.520000,4257400
2023-01-04,3.690000,3.790000,3.640000,3.780000,3.780000,4766600
2023-01-05,3.720000,3.760000,3.630000,3.760000,3.760000,2805500
2023-01-06,3.840000,3.870000,3.770000,3.830000,3.830000,4123100
2023-01-09,3.930000,3.990000,3.870000,3.900000,3.900000,4786000
2023-01-10,3.950000,3.980000,3.880000,3.950000,3.950000,2567100
2023-01-11,4.030000,4.050000,3.910000,3.990000,3.990000,3552900
2023-01-12,4.080000,4.110000,3.970000,4.010000,4.010000,3794900
2023-01-13,4.050000,4.130000,3.990000,4.070000,4.070000,3757800
2023-01-17,3.910000,3.930000,3.770000,3.820000,3.820000,3881300
2023-01-18,3.920000,3.940000,3.710000,3.720000,3.720000,3899900
2023-01-19,3.750000,3.830000,3.720000,3.780000,3.780000,3457300
2023-01-20,3.740000,3.840000,3.730000,3.840000,3.840000,2648900
2023-01-23,3.780000,3.830000,3.700000,3.820000,3.820000,2835900
2023-01-24,3.720000,3.790000,3.660000,3.760000,3.760000,3001800
2023-01-25,3.680000,3.800000,3.680000,3.780000,3.780000,2321300
2023-01-26,3.830000,3.850000,3.720000,3.750000,3.750000,2273200
2023-01-27,3.680000,3.690000,3.590000,3.590000,3.590000,3371100
2023-01-30,3.590000,3.610000,3.510000,3.520000,3.520000,3797800
2023-01-31,3.510000,3.540000,3.470000,3.510000,3.510000,3734200
2023-02-01,3.630000,3.750000,3.530000,3.700000,3.700000,5279800
2023-02-02,3.780000,3.810000,3.570000,3.610000,3.610000,4639800
2023-02-03,3.500000,3.580000,3.420000,3.440000,3.440000,3975700
2023-02-06,3.420000,3.430000,3.360000,3.390000,3.390000,3057700
2023-02-07,3.520000,3.640000,3.510000,3.550000,3.550000,6854600
2023-02-08,3.530000,3.580000,3.470000,3.480000,3.480000,3192000
2023-02-09,3.520000,3.550000,3.340000,3.360000,3.360000,3162500
2023-02-10,3.340000,3.350000,3.270000,3.310000,3.310000,2583600
2023-02-13,3.340000,3.360000,3.280000,3.290000,3.290000,2031200
2023-02-14,3.290000,3.350000,3.280000,3.330000,3.330000,2431200
2023-02-15,3.210000,3.240000,3.180000,3.240000,3.240000,2603300
2023-02-16,3.190000,3.270000,3.180000,3.230000,3.230000,3065600
2023-02-17,3.210000,3.280000,3.150000,3.240000,3.240000,2418300
2023-02-21,3.200000,3.240000,3.140000,3.180000,3.180000,2151500
2023-02-22,2.990000,3.080000,2.980000,3.010000,3.010000,3937900
2023-02-23,3.060000,3.080000,3.010000,3.030000,3.030000,1713200
2023-02-24,2.980000,3.010000,2.970000,2.990000,2.990000,2317400
2023-02-27,3.020000,3.050000,2.990000,2.990000,2.990000,1840200
2023-02-28,3.010000,3.110000,2.990000,3.090000,3.090000,5154600
2023-03-01,3.050000,3.150000,3.010000,3.110000,3.110000,3108700
2023-03-02,3.050000,3.090000,3.040000,3.070000,3.070000,2999800
2023-03-03,3.150000,3.260000,3.150000,3.240000,3.240000,2450000
2023-03-06,3.190000,3.210000,3.100000,3.120000,3.120000,1932500
2023-03-07,3.070000,3.080000,2.930000,2.950000,2.950000,3482800
2023-03-08,2.980000,3.050000,2.940000,2.970000,2.970000,2747700
2023-03-09,2.970000,3.010000,2.960000,2.980000,2.980000,3359700
2023-03-10,3.070000,3.290000,3.070000,3.160000,3.160000,5802400
2023-03-13,3.520000,3.670000,3.390000,3.460000,3.460000,13312600
2023-03-14,3.520000,3.620000,3.460000,3.580000,3.580000,4962400
2023-03-15,3.670000,3.730000,3.570000,3.610000,3.610000,5655400
2023-03-16,3.540000,3.580000,3.440000,3.480000,3.480000,4378600
2023-03-17,3.540000,3.860000,3.500000,3.770000,3.770000,25267200
2023-03-20,3.900000,3.960000,3.830000,3.940000,3.940000,4734100
2023-03-21,3.820000,3.840000,3.660000,3.730000,3.730000,5471100
2023-03-22,3.830000,4.000000,3.820000,3.940000,3.940000,5433900
2023-03-23,4.000000,4.040000,3.910000,3.980000,3.980000,4232400
2023-03-24,4.070000,4.100000,3.980000,4.050000,4.050000,5152700
2023-03-27,3.910000,3.990000,3.850000,3.960000,3.960000,3146200
2023-03-28,4.030000,4.120000,3.960000,4.100000,4.100000,3639600
2023-03-29,4.010000,4.090000,4.000000,4.010000,4.010000,2034000
2023-03-30,4.080000,4.180000,4.050000,4.180000,4.180000,3529000
2023-03-31,4.170000,4.180000,4.050000,4.100000,4.100000,3690600
2023-04-03,4.100000,4.220000,4.060000,4.170000,4.170000,3011800
2023-04-04,4.240000,4.420000,4.180000,4.350000,4.350000,4699300
2023-04-05,4.550000,4.650000,4.440000,4.510000,4.510000,5730400
2023-04-06,4.500000,4.550000,4.430000,4.540000,4.540000,3259200
2023-04-10,4.450000,4.500000,4.400000,4.430000,4.430000,3009700
2023-04-11,4.520000,4.620000,4.470000,4.480000,4.480000,5506800
2023-04-12,4.620000,4.620000,4.440000,4.500000,4.500000,4202000
2023-04-13,4.710000,4.790000,4.660000,4.720000,4.720000,6350100
2023-04-14,4.610000,4.660000,4.490000,4.590000,4.590000,4818800
2023-04-17,4.510000,4.570000,4.410000,4.430000,4.430000,4009500
2023-04-18,4.540000,4.650000,4.500000,4.510000,4.510000,3855800
2023-04-19,4.360000,4.400000,4.310000,4.330000,4.330000,3867400
2023-04-20,4.460000,4.510000,4.390000,4.420000,4.420000,3855100
2023-04-21,4.410000,4.490000,4.360000,4.390000,4.390000,4190300
2023-04-24,4.530000,4.560000,4.460000,4.500000,4.500000,5073300
2023-04-25,4.490000,4.590000,4.440000,4.550000,4.550000,3056100
2023-04-26,4.600000,4.610000,4.470000,4.490000,4.490000,3203000
2023-04-27,4.460000,4.580000,4.380000,4.570000,4.570000,3611600
2023-04-28,4.570000,4.660000,4.550000,4.610000,4.610000,2502200
2023-05-01,4.670000,4.670000,4.470000,4.540000,4.540000,3207400
2023-05-02,4.570000,4.870000,4.560000,4.870000,4.870000,5010800
2023-05-03,4.920000,5.070000,4.890000,4.990000,4.990000,6700000
2023-05-04,5.160000,5.430000,5.140000,5.180000,5.180000,9746800
2023-05-05,5.120000,5.250000,5.030000,5.210000,5.210000,8590100
2023-05-08,5.360000,5.370000,5.230000,5.280000,5.280000,6678800
2023-05-09,5.240000,5.270000,5.110000,5.140000,5.140000,5488500
2023-05-10,5.240000,5.290000,5.150000,5.210000,5.210000,5446900
2023-05-11,5.110000,5.140000,4.980000,4.980000,4.980000,4426100
2023-05-12,5.000000,5.150000,4.960000,5.100000,5.100000,3618900
2023-05-15,5.150000,5.210000,5.120000,5.150000,5.150000,2393400
2023-05-16,5.110000,5.190000,4.980000,5.030000,5.030000,4812600
2023-05-17,4.980000,5.000000,4.850000,4.870000,4.870000,6063100
2023-05-18,4.810000,4.900000,4.740000,4.830000,4.830000,5389700
2023-05-19,4.850000,4.950000,4.780000,4.820000,4.820000,4266400
2023-05-22,4.830000,4.880000,4.780000,4.800000,4.800000,3166500
2023-05-23,4.740000,4.840000,4.740000,4.790000,4.790000,3116100
2023-05-24,4.780000,4.800000,4.650000,4.680000,4.680000,2967400
2023-05-25,4.590000,4.640000,4.540000,4.580000,4.580000,2398300
2023-05-26,4.680000,4.720000,4.610000,4.660000,4.660000,3118200
2023-05-30,4.710000,4.710000,4.600000,4.610000,4.610000,5033600
2023-05-31,4.610000,4.790000,4.590000,4.710000,4.710000,3940900
2023-06-01,4.730000,4.880000,4.700000,4.790000,4.790000,4077700
2023-06-02,4.750000,4.800000,4.600000,4.620000,4.620000,3344000
2023-06-05,4.590000,4.640000,4.550000,4.620000,4.620000,2357000
2023-06-06,4.600000,4.610000,4.520000,4.570000,4.570000,2432800
2023-06-07,4.650000,4.810000,4.560000,4.560000,4.560000,3855600
2023-06-08,4.640000,4.710000,4.560000,4.600000,4.600000,3704600
2023-06-09,4.600000,4.610000,4.510000,4.520000,4.520000,3964800
2023-06-12,4.620000,4.660000,4.540000,4.660000,4.660000,2990000
2023-06-13,4.660000,4.700000,4.460000,4.480000,4.480000,3316500
2023-06-14,4.600000,4.660000,4.490000,4.530000,4.530000,4423900
2023-06-15,4.560000,4.590000,4.500000,4.560000,4.560000,3455400
2023-06-16,4.550000,4.570000,4.390000,4.510000,4.510000,10390200
2023-06-20,4.360000,4.370000,4.230000,4.260000,4.260000,3228900
2023-06-21,4.190000,4.200000,4.120000,4.160000,4.160000,2904700
2023-06-22,4.140000,4.230000,4.120000,4.220000,4.220000,2230300
2023-06-23,4.270000,4.330000,4.210000,4.230000,4.230000,2868900
2023-06-26,4.250000,4.270000,4.180000,4.210000,4.210000,2124400
2023-06-27,4.230000,4.240000,4.040000,4.070000,4.070000,3226800
2023-06-28,4.080000,4.120000,4.050000,4.070000,4.070000,3033100
2023-06-29,4.030000,4.160000,3.980000,4.150000,4.150000,2320300
2023-06-30,4.110000,4.210000,4.080000,4.200000,4.200000,2523600
2023-07-03,4.230000,4.280000,4.210000,4.280000,4.280000,1837100
2023-07-05,4.280000,4.280000,4.100000,4.100000,4.100000,2701000
2023-07-06,4.050000,4.050000,3.870000,3.880000,3.880000,3846900
2023-07-07,3.920000,3.960000,3.860000,3.920000,3.920000,3207800
2023-07-10,3.860000,4.030000,3.860000,3.990000,3.990000,2668200
2023-07-11,4.040000,4.140000,4.030000,4.080000,4.080000,3556300
2023-07-12,4.220000,4.450000,4.200000,4.420000,4.420000,3924800
2023-07-13,4.560000,4.570000,4.440000,4.480000,4.480000,2944500
2023-07-14,4.500000,4.660000,4.500000,4.600000,4.600000,3112900
2023-07-17,4.520000,4.610000,4.450000,4.580000,4.580000,2683200
2023-07-18,4.660000,4.700000,4.610000,4.630000,4.630000,3443800
2023-07-19,4.630000,4.650000,4.510000,4.570000,4.570000,2702800
2023-07-20,4.640000,4.640000,4.490000,4.510000,4.510000,3062900
2023-07-21,4.460000,4.520000,4.460000,4.500000,4.500000,1551800