Date,Open,High,Low,Close,Adj Close,Volume
2006-10-12,25.160000,25.240000,25.160000,25.240000,20.043083,29400
2006-10-13,25.219999,25.219999,25.200001,25.200001,20.011326,700
2006-10-16,25.250000,25.250000,25.250000,25.250000,20.051025,1600
2006-10-17,25.180000,25.340000,25.150000,25.340000,20.122492,35000
2006-10-18,25.360001,25.360001,25.280001,25.330000,20.114559,19300
2006-10-19,25.219999,25.299999,25.209999,25.290001,20.082790,25300
2006-10-20,25.330000,25.360001,25.280001,25.360001,20.138378,2400
2006-10-23,25.400000,25.400000,25.400000,25.400000,20.170135,200
2006-10-24,25.410000,25.430000,25.400000,25.430000,20.193962,1400
2006-10-25,25.500000,25.510000,25.459999,25.459999,20.217789,24800
2006-10-26,25.510000,25.639999,25.510000,25.639999,20.360725,1500
2006-10-27,25.530001,25.610001,25.530001,25.610001,20.336901,1600
2006-10-30,25.389999,25.430000,25.389999,25.430000,20.193962,500
2006-10-31,25.540001,25.540001,25.410000,25.410000,20.178083,3300
2006-11-01,25.370001,25.370001,25.180000,25.180000,19.995441,6600
2006-11-02,25.110001,25.110001,25.110001,25.110001,19.939856,200
2006-11-03,24.990000,24.990000,24.969999,24.969999,19.828682,900
2006-11-06,25.190001,25.190001,25.190001,25.190001,20.003387,100
2006-11-07,25.260000,25.290001,25.250000,25.250000,20.051025,151300
2006-11-08,25.270000,25.480000,25.270000,25.469999,20.225733,60400
2006-11-09,25.469999,25.469999,25.469999,25.469999,20.225733,0
2006-11-10,25.360001,25.370001,25.360001,25.370001,20.146318,3100
2006-11-13,25.370001,25.370001,25.370001,25.370001,20.146318,0
2006-11-14,25.420000,25.540001,25.400000,25.540001,20.281321,10600
2006-11-15,25.540001,25.540001,25.540001,25.540001,20.281321,0
2006-11-16,25.750000,25.750000,25.750000,25.750000,20.448078,300
2006-11-17,25.680000,25.690001,25.650000,25.690001,20.400429,1000
2006-11-20,25.760000,25.760000,25.750000,25.760000,20.456020,1600
2006-11-21,25.770000,25.770000,25.740000,25.740000,20.440140,2100
2006-11-22,25.770000,25.770000,25.770000,25.770000,20.463953,400
2006-11-24,25.730000,25.730000,25.730000,25.730000,20.432184,300
2006-11-27,25.420000,25.420000,25.420000,25.420000,20.186022,100
2006-11-28,25.420000,25.420000,25.420000,25.420000,20.186022,0
2006-11-29,25.680000,25.719999,25.680000,25.719999,20.424255,200
2006-11-30,25.690001,25.790001,25.690001,25.790001,20.479836,1200
2006-12-01,25.650000,25.660000,25.500000,25.660000,20.376606,6600
2006-12-04,25.889999,26.040001,25.850000,26.040001,20.678373,19000
2006-12-05,26.190001,26.230000,26.170000,26.230000,20.829241,3000
2006-12-06,26.180000,26.180000,26.180000,26.180000,20.789539,100
2006-12-07,26.230000,26.230000,26.150000,26.150000,20.765717,1800
2006-12-08,26.200001,26.200001,26.200001,26.200001,20.805420,100
2006-12-11,26.219999,26.219999,26.219999,26.219999,20.821302,1000
2006-12-12,26.219999,26.219999,26.219999,26.219999,20.821302,0
2006-12-13,26.219999,26.219999,26.219999,26.219999,20.821302,0
2006-12-14,26.510000,26.510000,26.430000,26.430000,20.988071,1500
2006-12-15,26.170000,26.170000,26.170000,26.170000,20.971237,5400
2006-12-18,26.160000,26.160000,26.040001,26.040001,20.867069,1000
2006-12-19,26.070000,26.129999,26.030001,26.129999,20.939180,4100
2006-12-20,26.129999,26.170000,26.129999,26.129999,20.939180,1000
2006-12-21,26.129999,26.129999,26.129999,26.129999,20.939180,0
2006-12-22,26.150000,26.150000,26.150000,26.150000,20.955210,400
2006-12-26,26.209999,26.270000,26.190001,26.270000,21.051369,900
2006-12-27,26.350000,26.400000,26.350000,26.400000,21.155548,19000
2006-12-28,26.410000,26.430000,26.389999,26.389999,21.147524,500
2006-12-29,26.379999,26.379999,26.309999,26.309999,21.083426,600
2007-01-03,26.160000,26.160000,26.160000,26.160000,20.963215,300
2007-01-04,26.299999,26.340000,26.129999,26.340000,21.107471,4200
2007-01-05,26.150000,26.150000,26.100000,26.110001,20.923159,500
2007-01-08,26.040001,26.100000,26.040001,26.090000,20.907127,1800
2007-01-09,26.170000,26.200001,26.170000,26.200001,20.995275,700
2007-01-10,26.180000,26.309999,26.180000,26.309999,21.083426,400
2007-01-11,26.400000,26.590000,26.400000,26.559999,21.283768,2000
2007-01-12,26.600000,26.600000,26.549999,26.580000,21.299784,900
2007-01-16,26.580000,26.580000,26.540001,26.540001,21.267729,400
2007-01-17,26.559999,26.610001,26.530001,26.540001,21.267729,3700
2007-01-18,26.559999,26.600000,26.530001,26.570000,21.291775,3300
2007-01-19,26.520000,26.580000,26.500000,26.580000,21.299784,800
2007-01-22,26.700001,26.700001,26.600000,26.660000,21.363894,2900
2007-01-23,26.680000,26.770000,26.680000,26.719999,21.411972,3800
2007-01-24,26.780001,26.780001,26.700001,26.719999,21.411972,7000
2007-01-25,26.820000,26.820000,26.610001,26.610001,21.323822,4400
2007-01-26,26.690001,26.700001,26.580000,26.700001,21.395952,3100
2007-01-29,26.809999,26.809999,26.780001,26.809999,21.484097,1200
2007-01-30,26.790001,26.799999,26.770000,26.780001,21.460064,1700
2007-01-31,26.790001,26.820000,26.790001,26.820000,21.492113,3300
2007-02-01,27.020000,27.040001,27.020000,27.040001,21.668406,700
2007-02-02,27.230000,27.230000,27.059999,27.059999,21.684435,1900
2007-02-05,27.010000,27.010000,26.969999,26.969999,21.612316,1300
2007-02-06,27.049999,27.049999,26.879999,26.889999,21.548199,1500
2007-02-07,26.969999,26.969999,26.930000,26.950001,21.596287,4000
2007-02-08,26.889999,26.920000,26.850000,26.920000,21.572252,2400
2007-02-09,26.959999,26.980000,26.840000,26.850000,21.516144,44200
2007-02-12,26.920000,26.920000,26.870001,26.870001,21.532183,1800
2007-02-13,27.000000,27.190001,26.990000,27.040001,21.668406,37700
2007-02-14,27.120001,27.209999,27.120001,27.200001,21.796633,13500
2007-02-15,27.320000,27.389999,27.299999,27.330000,21.900801,32100
2007-02-16,27.340000,27.370001,27.340000,27.350000,21.916824,19900
2007-02-20,27.400000,27.469999,27.350000,27.469999,22.012985,48100
2007-02-21,27.549999,27.549999,27.510000,27.540001,22.069080,17300
2007-02-22,27.510000,27.510000,27.280001,27.389999,21.948877,3800
2007-02-23,27.440001,27.440001,27.320000,27.360001,21.924829,2800
2007-02-26,27.379999,27.379999,27.280001,27.330000,21.900801,20200
2007-02-27,27.250000,27.250000,26.490000,26.490000,21.227667,10200
2007-02-28,26.680000,26.760000,26.639999,26.700001,21.395952,7200
2007-03-01,26.150000,26.719999,26.150000,26.620001,21.331839,5600
2007-03-02,26.750000,26.750000,26.299999,26.299999,21.075403,3600
2007-03-05,26.080000,26.250000,26.080000,26.240000,21.027319,2000
2007-03-06,26.299999,26.520000,26.290001,26.520000,21.251709,10800
2007-03-07,26.420000,26.469999,26.299999,26.309999,21.083426,31400
2007-03-08,26.620001,27.049999,26.490000,26.570000,21.291775,15300
2007-03-09,26.730000,26.730000,26.559999,26.719999,21.411972,5300
2007-03-12,26.760000,26.900000,26.709999,26.900000,21.556215,6100
2007-03-13,26.799999,26.799999,26.459999,26.459999,21.203630,9500
2007-03-14,26.520000,26.610001,26.370001,26.520000,21.251709,7700
2007-03-15,26.639999,26.709999,26.610001,26.709999,21.403963,4900
2007-03-16,26.700001,26.700001,26.510000,26.540001,21.295639,5600
2007-03-19,26.830000,26.830000,26.740000,26.740000,21.456123,2000
2007-03-20,26.799999,26.959999,26.799999,26.959999,21.632641,2600
2007-03-21,27.120001,27.370001,27.120001,27.340000,21.937557,7400
2007-03-22,27.549999,27.549999,27.410000,27.410000,21.993725,3600
2007-03-23,27.469999,27.530001,27.469999,27.530001,22.090010,4600
2007-03-26,27.700001,27.700001,27.389999,27.559999,22.114086,6700
2007-03-27,27.400000,27.400000,27.299999,27.360001,21.953604,800
2007-03-28,27.240000,27.430000,27.209999,27.309999,21.913481,18500
2007-03-29,27.450001,27.450001,27.400000,27.450001,22.025814,6100
2007-03-30,27.600000,27.600000,27.340000,27.480000,22.049896,2600
2007-04-02,27.570000,27.639999,27.540001,27.620001,22.162226,4400
2007-04-03,27.809999,27.879999,27.790001,27.850000,22.346769,5300
2007-04-04,27.790001,27.860001,27.790001,27.840000,22.338755,1400
2007-04-05,27.850000,27.889999,27.840000,27.850000,22.346769,3300
2007-04-09,27.940001,27.940001,27.820000,27.820000,22.322712,8800
2007-04-10,27.860001,27.910000,27.840000,27.910000,22.394932,7500
2007-04-11,27.850000,27.850000,27.750000,27.770000,22.282589,5200
2007-04-12,27.680000,27.820000,27.680000,27.809999,22.314682,3400
2007-04-13,27.850000,27.920000,27.850000,27.920000,22.402946,700
2007-04-16,28.059999,28.080000,28.049999,28.070000,22.523306,3500
2007-04-17,28.100000,28.299999,28.100000,28.299999,22.707857,6400
2007-04-18,28.150000,28.150000,28.100000,28.110001,22.555399,2500
2007-04-19,28.010000,28.150000,28.010000,28.120001,22.563427,2300
2007-04-20,28.340000,28.350000,28.299999,28.320000,22.723917,22700
2007-04-23,28.420000,28.420000,28.370001,28.400000,22.788097,8900
2007-04-24,28.450001,28.490000,28.299999,28.430000,22.812176,11600
2007-04-25,28.530001,28.540001,28.430000,28.530001,22.892412,21400
2007-04-26,28.469999,28.469999,28.450001,28.469999,22.844267,3000
2007-04-27,28.389999,28.389999,28.340000,28.370001,22.764027,3000
2007-04-30,28.430000,28.459999,28.200001,28.200001,22.627623,4100
2007-05-01,28.129999,28.280001,28.129999,28.280001,22.691814,6700
2007-05-02,28.330000,28.490000,28.330000,28.440001,22.820192,2100
2007-05-03,28.420000,28.480000,28.330000,28.450001,22.828217,12900
2007-05-04,28.440001,28.450001,28.330000,28.400000,22.788097,11700
2007-05-07,28.490000,28.520000,28.410000,28.420000,22.804148,12800
2007-05-08,28.389999,28.389999,28.309999,28.340000,22.739960,3500
2007-05-09,28.370001,28.420000,28.309999,28.309999,22.715878,4600
2007-05-10,28.290001,28.290001,28.040001,28.100000,22.547380,17100
2007-05-11,28.090000,28.170000,28.090000,28.160000,22.595528,3700
2007-05-14,28.139999,28.209999,28.049999,28.049999,22.507259,7900
2007-05-15,28.160000,28.200001,28.070000,28.070000,22.523306,600
2007-05-16,28.190001,28.320000,28.139999,28.320000,22.723917,8700
2007-05-17,28.379999,28.440001,28.290001,28.440001,22.820192,308000
2007-05-18,28.330000,28.420000,28.330000,28.420000,22.804148,163900
2007-05-21,28.430000,28.540001,28.430000,28.469999,22.844267,1900
2007-05-22,28.440001,28.500000,28.440001,28.450001,22.828217,4700
2007-05-23,28.540001,28.549999,28.360001,28.360001,22.756001,900
2007-05-24,28.400000,28.540001,28.250000,28.250000,22.667738,4200
2007-05-25,28.270000,28.360001,28.270000,28.340000,22.739960,700
2007-05-29,28.450001,28.500000,28.400000,28.480000,22.852287,7700
2007-05-30,28.389999,28.559999,28.389999,28.559999,22.916489,13200
2007-05-31,28.690001,28.690001,28.549999,28.610001,22.956604,4800
2007-06-01,28.740000,28.920000,28.740000,28.920000,23.205334,7000
2007-06-04,28.860001,28.860001,28.780001,28.850000,23.149179,11600
2007-06-05,28.750000,28.750000,28.620001,28.620001,22.964621,1400
2007-06-06,28.420000,28.480000,28.360001,28.389999,22.780069,110100
2007-06-07,28.379999,28.379999,27.950001,27.950001,22.427027,108600
2007-06-08,28.000000,28.209999,28.000000,28.209999,22.635647,44300
2007-06-11,28.250000,28.379999,28.070000,28.340000,22.739960,50900
2007-06-12,28.270000,28.280001,28.059999,28.080000,22.531332,14100
2007-06-13,28.270000,28.370001,28.190001,28.370001,22.764027,27600
2007-06-14,28.440001,28.440001,28.290001,28.360001,22.756001,14400
2007-06-15,28.360001,28.379999,28.219999,28.219999,22.839363,2700
2007-06-18,28.170000,28.180000,28.160000,28.160000,22.790794,2000
2007-06-19,28.000000,28.000000,27.959999,28.000000,22.661312,2200
2007-06-20,28.030001,28.030001,27.820000,27.820000,22.515633,1400
2007-06-21,27.680000,27.879999,27.620001,27.850000,22.539915,4000
2007-06-22,27.870001,27.870001,27.670000,27.670000,22.394230,1500
2007-06-25,27.620001,27.809999,27.549999,27.549999,22.297110,3500
2007-06-26,27.629999,27.750000,27.629999,27.629999,22.361856,1700
2007-06-27,27.540001,27.730000,27.510000,27.730000,22.442791,171000
2007-06-28,27.780001,27.930000,27.780001,27.850000,22.539915,8300
2007-06-29,27.940001,28.010000,27.760000,27.760000,22.467075,6900
2007-07-02,28.000000,28.049999,27.969999,28.030001,22.685595,2100
2007-07-03,28.120001,28.120001,28.090000,28.100000,22.742243,7700
2007-07-05,28.129999,28.160000,28.049999,28.110001,22.750336,6500
2007-07-06,28.040001,28.190001,28.040001,28.190001,22.815083,2400
2007-07-09,28.190001,28.190001,28.120001,28.139999,22.774620,3000
2007-07-10,27.980000,28.049999,27.830000,27.830000,22.523724,8000
2007-07-11,27.870001,27.940001,27.870001,27.889999,22.572279,3600
2007-07-12,28.129999,28.320000,28.129999,28.320000,22.920300,3400
2007-07-13,28.389999,28.440001,28.350000,28.410000,22.993139,2200
2007-07-16,28.350000,28.379999,28.309999,28.309999,22.912201,1300
2007-07-17,28.370001,28.370001,28.170000,28.170000,22.798895,4000
2007-07-18,28.100000,28.139999,28.000000,28.010000,22.669407,10900
2007-07-19,28.290001,28.290001,28.190001,28.240000,22.855549,13100
2007-07-20,28.110001,28.110001,27.889999,27.889999,22.572279,3700
2007-07-23,28.000000,28.129999,28.000000,28.040001,22.693680,11100
2007-07-24,27.750000,28.010000,27.570000,27.570000,22.313295,7700
2007-07-25,27.730000,27.730000,27.590000,27.600000,22.337566,8700
2007-07-26,27.440001,27.440001,26.930000,27.129999,21.957190,15400
2007-07-27,27.000000,27.129999,26.650000,26.650000,21.568710,17000
2007-07-30,26.629999,26.850000,26.570000,26.820000,21.706299,4800
2007-07-31,27.049999,27.170000,27.000000,27.000000,21.851974,5100
2007-08-01,26.740000,26.870001,26.740000,26.750000,21.649641,5100
2007-08-02,27.080000,27.080000,27.059999,27.059999,21.900534,500
2007-08-03,27.110001,27.250000,27.080000,27.139999,21.965284,14600
2007-08-06,26.750000,27.260000,26.750000,27.260000,22.062408,9900
2007-08-07,27.190001,27.350000,27.080000,27.219999,22.030037,18500
2007-08-08,27.330000,27.360001,26.870001,26.900000,21.771046,27400
2007-08-09,26.870001,26.870001,26.420000,26.420000,21.382559,3300
2007-08-10,26.110001,26.940001,26.110001,26.700001,21.609179,3800
2007-08-13,26.969999,27.090000,26.860001,26.889999,21.762951,11900
2007-08-14,26.879999,26.900000,26.469999,26.469999,21.423031,23600
2007-08-15,26.660000,26.870001,26.240000,26.280001,21.269262,28300
2007-08-16,26.230000,26.540001,26.000000,26.420000,21.382559,32400
2007-08-17,26.879999,26.930000,26.650000,26.910000,21.779139,3400
2007-08-20,27.000000,27.000000,26.709999,26.830000,21.714394,4300
2007-08-21,26.900000,27.030001,26.860001,26.870001,21.746769,1400
2007-08-22,27.090000,27.129999,27.020000,27.129999,21.957190,3600
2007-08-23,27.240000,27.240000,27.010000,27.040001,21.884354,12900
2007-08-24,27.059999,27.309999,27.059999,27.309999,22.102867,3200
2007-08-27,27.320000,27.320000,27.209999,27.209999,22.021933,2100
2007-08-28,27.020000,27.020000,26.620001,26.620001,21.544432,7400
2007-08-29,26.760000,26.950001,26.660000,26.950001,21.811510,6500
2007-08-30,26.889999,26.940001,26.889999,26.889999,21.762951,1100
2007-08-31,26.950001,27.139999,26.900000,27.000000,21.851974,2100
2007-09-04,27.020000,27.190001,27.020000,27.190001,22.005758,1800
2007-09-05,26.930000,26.930000,26.760000,26.780001,21.673927,5400
2007-09-06,26.770000,26.900000,26.770000,26.900000,21.771046,4400
2007-09-07,26.750000,26.750000,26.580000,26.580000,21.512058,2000
2007-09-10,26.690001,26.760000,26.480000,26.760000,21.657747,2500
2007-09-11,26.780001,26.900000,26.780001,26.900000,21.771046,3200
2007-09-12,26.900000,27.100000,26.900000,27.010000,21.860069,38500
2007-09-13,27.040001,27.150000,27.010000,27.070000,21.908632,4200
2007-09-14,26.930000,27.059999,26.930000,27.059999,21.900534,6200
2007-09-17,27.020000,27.030001,26.950001,26.950001,21.811510,9100
2007-09-18,27.129999,27.530001,27.129999,27.530001,22.280922,5900
2007-09-19,27.700001,27.790001,27.680000,27.790001,22.491348,8900
2007-09-20,27.740000,27.740000,27.600000,27.610001,22.345671,1200
2007-09-21,27.680000,27.700001,27.559999,27.559999,22.363518,3200
2007-09-24,27.530001,27.629999,27.450001,27.520000,22.331064,7000
2007-09-25,27.400000,27.430000,27.350000,27.389999,22.225578,14500
2007-09-26,27.520000,27.719999,27.490000,27.690001,22.469015,36500
2007-09-27,27.750000,27.830000,27.750000,27.809999,22.566385,16800
2007-09-28,27.799999,27.799999,27.680000,27.740000,22.509592,3700
2007-10-01,27.620001,27.920000,27.620001,27.920000,22.655645,7600
2007-10-02,27.920000,27.940001,27.860001,27.930000,22.663767,2900
2007-10-03,27.860001,27.870001,27.780001,27.780001,22.542048,2700
2007-10-04,27.870001,27.889999,27.830000,27.860001,22.606955,2900
2007-10-05,28.000000,28.110001,27.889999,28.100000,22.801704,12300
2007-10-08,28.020000,28.090000,27.950001,27.950001,22.679989,6500
2007-10-09,28.049999,28.049999,27.980000,28.049999,22.761127,1000
2007-10-10,28.230000,28.230000,28.150000,28.160000,22.850388,800
2007-10-11,28.260000,28.299999,27.940001,28.059999,22.769249,2800
2007-10-12,28.080000,28.180000,28.040001,28.120001,22.817932,3600
2007-10-15,28.040001,28.040001,27.889999,27.940001,22.671867,3200
2007-10-16,27.990000,28.030001,27.920000,27.980000,22.704340,3600
2007-10-17,27.959999,27.959999,27.860001,27.860001,22.606955,700
2007-10-18,27.889999,27.920000,27.830000,27.830000,22.582613,600
2007-10-19,27.790001,27.799999,27.459999,27.459999,22.282375,11800
2007-10-22,27.459999,27.690001,27.450001,27.629999,22.420324,5400
2007-10-23,27.709999,27.709999,27.549999,27.670000,22.452785,5400
2007-10-24,27.730000,27.730000,27.430000,27.709999,22.485245,3400
2007-10-25,27.850000,27.850000,27.790001,27.790001,22.550159,200
2007-10-26,27.879999,28.120001,27.879999,28.100000,22.801704,10500
2007-10-29,28.129999,28.129999,28.020000,28.059999,22.769249,3300
2007-10-30,27.980000,28.110001,27.920000,27.920000,22.655645,7400
2007-10-31,28.000000,28.150000,27.990000,28.059999,22.769249,2700
2007-11-01,28.020000,28.020000,27.389999,27.389999,22.225578,10500
2007-11-02,27.480000,27.480000,27.170000,27.400000,22.233690,7700
2007-11-05,27.270000,27.340000,27.240000,27.309999,22.160656,4400
2007-11-06,27.280001,27.360001,27.250000,27.340000,22.185011,13700
2007-11-07,27.150000,27.200001,26.889999,26.889999,21.819853,4700
2007-11-08,26.870001,27.180000,26.730000,27.180000,22.055182,4900
2007-11-09,26.980000,27.120001,26.889999,26.889999,21.819853,1800
2007-11-12,26.969999,27.110001,26.969999,27.010000,21.917223,7300
2007-11-13,27.070000,27.290001,27.070000,27.260000,22.120089,4500
2007-11-14,27.420000,27.480000,27.350000,27.389999,22.225578,3500
2007-11-15,27.320000,27.389999,27.139999,27.170000,22.047054,2500
2007-11-16,27.280001,27.280001,27.250000,27.250000,22.111971,800
2007-11-19,27.100000,27.129999,26.990000,27.090000,21.982141,1700
2007-11-20,27.200001,27.330000,27.010000,27.219999,22.087631,5500
2007-11-21,27.120001,27.270000,26.980000,27.000000,21.909113,7200
2007-11-23,27.090000,27.190001,26.990000,27.190001,22.063288,6700
2007-11-26,27.200001,27.299999,26.830000,26.830000,21.771168,6000
2007-11-27,27.010000,27.180000,26.959999,27.139999,22.022713,9900
2007-11-28,27.540001,27.719999,27.430000,27.690001,22.469015,8600
2007-11-29,27.590000,27.730000,27.580000,27.730000,22.501469,8500
2007-11-30,27.860001,27.870001,27.730000,27.820000,22.574509,3600
2007-12-03,27.750000,27.790001,27.690001,27.750000,22.517700,5000
2007-12-04,27.709999,27.750000,27.660000,27.670000,22.452785,3400
2007-12-05,27.850000,27.879999,27.709999,27.879999,22.623182,6100
2007-12-06,27.910000,28.120001,27.910000,28.120001,22.817932,3500
2007-12-07,28.270000,28.280001,28.170000,28.190001,22.874735,7100
2007-12-10,28.209999,28.219999,28.150000,28.190001,22.874735,1900
2007-12-11,28.129999,28.129999,27.580000,27.580000,22.379753,3900
2007-12-12,28.250000,28.250000,27.700001,27.700001,22.477125,1800
2007-12-13,27.700001,27.700001,27.490000,27.600000,22.395979,6900
2007-12-14,27.480000,27.660000,27.410000,27.410000,22.241798,8400
2007-12-17,27.340000,27.410000,27.129999,27.209999,22.079523,6700
2007-12-18,27.209999,27.370001,26.990000,27.340000,22.185011,6000
2007-12-19,27.230000,27.379999,27.230000,27.379999,22.217463,5200
2007-12-20,27.480000,27.480000,27.299999,27.450001,22.274265,800
2007-12-21,27.799999,27.879999,27.700001,27.830000,22.582613,6100
2007-12-24,27.900000,27.969999,27.900000,27.969999,22.696215,5500
2007-12-26,27.840000,27.870001,27.760000,27.860001,22.606955,3400
2007-12-27,27.910000,27.910000,27.379999,27.379999,22.217463,6400
2007-12-28,27.730000,27.760000,27.549999,27.600000,22.395979,13300
2007-12-31,27.570000,27.570000,27.290001,27.290001,22.144432,9600
2008-01-02,27.040001,27.040001,26.790001,26.809999,21.754938,3400
2008-01-03,27.080000,27.080000,26.670000,26.670000,21.641331,3500
2008-01-04,26.549999,26.639999,26.420000,26.420000,21.438467,6500
2008-01-07,26.520000,26.780001,26.520000,26.760000,21.714369,8200
2008-01-08,26.959999,26.969999,26.549999,26.549999,21.543964,25300
2008-01-09,26.559999,26.750000,26.400000,26.750000,21.706247,7500
2008-01-10,26.559999,27.020000,26.559999,26.969999,21.884760,13800
2008-01-11,26.770000,26.770000,26.480000,26.549999,21.543964,10400
2008-01-14,26.830000,26.830000,26.330000,26.459999,21.470928,11400
2008-01-15,26.299999,26.299999,25.930000,26.000000,21.097654,15000
2008-01-16,25.980000,26.330000,25.980000,26.129999,21.203152,19800
2008-01-17,26.150000,26.240000,25.740000,25.740000,20.886690,15800
2008-01-18,26.340000,26.340000,25.420000,25.559999,20.740625,24100
2008-01-22,24.760000,25.510000,24.760000,25.360001,20.578333,11800
2008-01-23,24.930000,25.790001,24.860001,25.790001,20.927254,14200
2008-01-24,25.730000,25.730000,25.459999,25.570000,20.748743,6000
2008-01-25,25.709999,25.709999,25.330000,25.350000,20.570219,8100
2008-01-28,25.320000,25.700001,25.309999,25.650000,20.813654,22000
2008-01-29,25.660000,25.860001,25.620001,25.740000,20.886690,5200
2008-01-30,25.639999,25.889999,25.480000,25.629999,20.797434,5700
2008-01-31,25.250000,25.920000,25.250000,25.820000,20.951609,5800
2008-02-01,25.910000,26.330000,25.910000,26.330000,21.365444,8700
2008-02-04,26.350000,26.350000,26.110001,26.110001,21.186930,8700
2008-02-05,25.850000,25.900000,25.750000,25.750000,20.894802,2600
2008-02-06,25.709999,25.850000,25.639999,25.650000,20.813654,8800
2008-02-07,25.520000,25.879999,25.490000,25.879999,21.000290,10000
2008-02-08,25.889999,25.920000,25.700001,25.700001,20.854229,6700
2008-02-11,25.680000,25.889999,25.680000,25.879999,21.000290,1700
2008-02-12,26.000000,26.240000,26.000000,26.090000,21.170689,13200
2008-02-13,26.240000,26.400000,26.240000,26.350000,21.381668,10100
2008-02-14,26.410000,26.410000,26.040001,26.040001,21.130123,20700
2008-02-15,26.000000,26.250000,26.000000,26.250000,21.300526,4100
2008-02-19,26.240000,26.500000,26.160000,26.320000,21.357323,13800
2008-02-20,26.299999,26.549999,26.090000,26.420000,21.438467,9300
2008-02-21,26.719999,26.719999,26.139999,26.139999,21.211271,7200
2008-02-22,25.950001,26.250000,25.950001,26.250000,21.300526,3200
2008-02-25,26.120001,26.600000,26.120001,26.580000,21.568304,17600
2008-02-26,25.940001,26.830000,25.940001,26.750000,21.706247,4900
2008-02-27,26.639999,26.870001,26.629999,26.650000,21.625114,9600
2008-02-28,26.600000,26.650000,26.490000,26.580000,21.568304,7300
2008-02-29,26.400000,26.400000,26.000000,26.080000,21.162571,3900
2008-03-03,26.020000,26.110001,25.980000,26.110001,21.186930,700
2008-03-04,26.100000,26.240000,26.070000,26.209999,21.268070,4800
2008-03-05,26.490000,26.500000,26.190001,26.320000,21.357323,31100
2008-03-06,26.500000,26.500000,25.750000,25.940001,21.048975,2600
2008-03-07,25.500000,25.830000,25.500000,25.740000,20.886690,8400
2008-03-10,25.889999,25.889999,25.709999,25.709999,20.862339,2800
2008-03-11,26.330000,26.330000,25.950001,26.059999,21.146353,5900
2008-03-12,26.350000,26.450001,26.270000,26.270000,21.316759,1400
2008-03-13,25.969999,26.309999,25.969999,26.280001,21.324869,4000
2008-03-14,26.450001,26.450001,25.820000,26.080000,21.162571,5200
2008-03-17,25.620001,25.820000,25.510000,25.780001,20.919146,3400
2008-03-18,26.209999,26.490000,26.209999,26.490000,21.495274,6800
2008-03-19,26.680000,26.700001,26.360001,26.360001,21.389790,2600
2008-03-20,26.250000,26.580000,26.250000,26.480000,21.487158,11600
2008-03-24,26.660000,26.760000,26.660000,26.750000,21.706247,39000
2008-03-25,26.790001,26.940001,26.790001,26.860001,21.795511,3800
2008-03-26,26.780001,26.799999,26.709999,26.730000,21.690029,15000
2008-03-27,26.830000,26.879999,26.780001,26.780001,21.730595,2100
2008-03-28,27.080000,27.080000,26.600000,26.600000,21.584536,2900
2008-03-31,26.559999,26.709999,26.559999,26.709999,21.673784,11200
2008-04-01,26.950001,27.240000,26.910000,27.240000,22.103861,3400
2008-04-02,27.200001,27.240000,27.030001,27.059999,21.957788,5000
2008-04-03,27.180000,27.180000,26.959999,26.990000,21.901001,8000
2008-04-04,27.010000,27.180000,27.000000,27.090000,21.982141,3400
2008-04-07,27.200001,27.200001,26.969999,26.969999,21.884760,3800
2008-04-08,26.980000,26.980000,26.820000,26.870001,21.803621,5000
2008-04-09,27.059999,27.059999,26.520000,26.559999,21.552071,2700
2008-04-10,26.770000,26.780001,26.580000,26.629999,21.608875,4600
2008-04-11,26.610001,26.610001,26.350000,26.350000,21.381668,4000
2008-04-14,26.320000,26.459999,26.320000,26.420000,21.438467,900
2008-04-15,26.559999,26.610001,26.530001,26.610001,21.592644,3700
2008-04-16,26.660000,26.910000,26.660000,26.879999,21.811739,4400
2008-04-17,26.870001,26.879999,26.730000,26.770000,21.722477,4700
2008-04-18,27.830000,27.830000,26.879999,27.139999,22.022713,4800
2008-04-21,26.879999,26.980000,26.799999,26.910000,21.836092,7100
2008-04-22,26.910000,26.910000,26.459999,26.500000,21.503386,7300
2008-04-23,26.760000,26.850000,26.709999,26.840000,21.779284,2900
2008-04-24,26.920000,26.959999,26.680000,26.930000,21.852304,5400
2008-04-25,27.110001,27.110001,26.660000,26.830000,21.771168,6700
2008-04-28,26.940001,27.049999,26.900000,26.959999,21.876656,24600
2008-04-29,27.020000,27.020000,26.870001,26.930000,21.852304,9700
2008-04-30,27.000000,27.059999,26.700001,26.709999,21.673784,13500
2008-05-01,26.740000,26.920000,26.740000,26.850000,21.787403,7800
2008-05-02,27.000000,27.000000,26.820000,26.820000,21.763050,7500
2008-05-05,26.799999,26.860001,26.770000,26.850000,21.787403,2800
2008-05-06,26.770000,26.950001,26.770000,26.870001,21.803621,4700
2008-05-07,26.920000,27.049999,26.650000,26.700001,21.665676,14200
2008-05-08,26.629999,26.650000,26.570000,26.600000,21.584536,6300
2008-05-09,26.420000,26.500000,26.379999,26.440001,21.454693,7100
2008-05-12,26.620001,26.870001,26.540001,26.870001,21.803621,2800
2008-05-13,26.889999,26.910000,26.830000,26.910000,21.836092,4500
2008-05-14,27.059999,27.250000,27.059999,27.190001,22.063288,26500
2008-05-15,27.049999,27.150000,27.010000,27.150000,22.030832,3700
2008-05-16,27.200001,27.200001,27.020000,27.110001,21.998369,38500
2008-05-19,27.150000,27.150000,26.969999,26.969999,21.884760,2500
2008-05-20,26.860001,26.920000,26.780001,26.830000,21.771168,4200
2008-05-21,26.889999,26.959999,26.660000,26.680000,21.649452,4400
2008-05-22,26.900000,26.959999,26.830000,26.879999,21.811739,8900
2008-05-23,26.850000,26.850000,26.629999,26.700001,21.665676,6000
2008-05-27,26.770000,26.860001,26.760000,26.860001,21.795511,1800
2008-05-28,26.920000,26.930000,26.700001,26.850000,21.787403,9100
2008-05-29,26.900000,27.200001,26.900000,27.129999,22.014605,7700
2008-05-30,27.049999,27.139999,27.010000,27.129999,22.014605,10100
2008-06-02,26.980000,26.980000,26.820000,26.900000,21.827965,2100
2008-06-03,27.100000,27.100000,26.790001,26.920000,21.844194,4100
2008-06-04,26.830000,27.139999,26.830000,27.030001,21.933445,4400
2008-06-05,27.260000,27.420000,27.260000,27.420000,22.249916,4800
2008-06-06,27.320000,27.320000,26.690001,26.690001,21.657562,7400
2008-06-09,26.740000,26.770000,26.660000,26.660000,21.633221,2400
2008-06-10,26.809999,26.990000,26.809999,26.850000,21.787403,2800
2008-06-11,26.860001,26.860001,26.620001,26.620001,21.600760,1400
2008-06-12,26.760000,26.799999,26.549999,26.549999,21.543964,6800
2008-06-13,26.620001,26.680000,26.510000,26.680000,21.649452,5000
2008-06-16,26.230000,26.290001,26.120001,26.290001,21.332987,1900
2008-06-17,26.379999,26.379999,26.100000,26.100000,21.178804,2100
2008-06-18,26.030001,26.030001,25.799999,25.830000,20.959713,2900
2008-06-19,25.879999,25.920000,25.760000,25.920000,21.032749,5900
2008-06-20,25.500000,25.600000,25.459999,25.480000,20.754171,1300
2008-06-23,25.790001,25.790001,25.450001,25.469999,20.746035,3900
2008-06-24,25.379999,25.469999,25.379999,25.410000,20.697161,2700
2008-06-25,25.700001,25.799999,25.629999,25.629999,20.876362,8700
2008-06-26,25.440001,25.469999,25.270000,25.270000,20.583124,3300
2008-06-27,24.690001,25.230000,24.690001,25.000000,20.363205,3600
2008-06-30,25.040001,25.180000,24.870001,24.870001,20.257320,6400
2008-07-01,24.700001,24.850000,24.639999,24.850000,20.241024,32700
2008-07-02,24.879999,24.879999,24.480000,24.530001,19.980371,10100
2008-07-03,24.520000,24.620001,24.490000,24.490000,19.947796,1100
2008-07-07,23.990000,24.719999,23.990000,24.530001,19.980371,2400
2008-07-08,24.879999,24.969999,24.879999,24.969999,20.338766,4800
2008-07-09,25.219999,25.240000,25.040001,25.040001,20.395788,6200
2008-07-10,25.059999,25.160000,25.000000,25.020000,20.379492,2800
2008-07-11,25.010000,25.010000,24.770000,24.930000,20.306181,5100
2008-07-14,24.990000,24.990000,24.830000,24.889999,20.273602,7100
2008-07-15,23.680000,24.990000,23.680000,24.990000,20.355061,3800
2008-07-16,24.870001,25.299999,24.870001,25.299999,20.607563,2800
2008-07-17,25.129999,25.459999,25.100000,25.389999,20.680868,3800
2008-07-18,25.549999,25.549999,25.120001,25.120001,20.460955,900
2008-07-21,25.160000,25.160000,24.990000,25.100000,20.444658,4300
2008-07-22,25.790001,25.790001,25.270000,25.610001,20.860064,2900
2008-07-23,25.790001,25.790001,25.620001,25.680000,20.917084,2700
2008-07-24,25.770000,25.770000,25.450001,25.450001,20.729742,2800
2008-07-25,25.320000,25.500000,25.320000,25.410000,20.697161,1400
2008-07-28,25.670000,25.670000,25.250000,25.309999,20.615702,1900
2008-07-29,25.580000,25.740000,25.549999,25.719999,20.949669,2500
2008-07-30,25.879999,26.059999,25.879999,25.910000,21.104424,3300
2008-07-31,25.940001,25.940001,25.719999,25.719999,20.949669,7400
2008-08-01,25.820000,25.830000,25.629999,25.760000,20.982246,1800
2008-08-04,26.000000,26.100000,25.660000,26.100000,21.259180,7100
2008-08-05,25.969999,26.350000,25.969999,26.350000,21.462814,10700
2008-08-06,26.590000,26.590000,26.240000,26.520000,21.601290,3700
2008-08-07,26.090000,26.280001,26.090000,26.120001,21.275484,4500
2008-08-08,26.980000,26.980000,26.209999,26.670000,21.723463,5900
2008-08-11,27.000000,27.000000,26.700001,26.750000,21.788630,3600
2008-08-12,26.750000,26.950001,26.750000,26.860001,21.878229,5500
2008-08-13,27.290001,27.290001,26.780001,26.889999,21.902664,2800
2008-08-14,26.770000,27.110001,26.770000,27.080000,22.057428,21200
2008-08-15,27.299999,27.299999,27.070000,27.190001,22.147024,1900
2008-08-18,27.090000,27.160000,26.870001,26.900000,21.910809,12100
2008-08-19,26.790001,26.790001,26.620001,26.660000,21.715324,4000
2008-08-20,26.780001,26.780001,26.490000,26.500000,21.584993,4200
2008-08-21,26.430000,26.450001,26.330000,26.450001,21.544266,3300
2008-08-22,26.459999,26.639999,26.450001,26.639999,21.699028,3700
2008-08-25,26.650000,26.650000,26.200001,26.250000,21.381363,2600
2008-08-26,26.250000,26.290001,26.160000,26.160000,21.308060,1500
2008-08-27,26.370001,26.370001,26.200001,26.299999,21.422091,18800
2008-08-28,26.280001,26.480000,26.280001,26.480000,21.568708,6800
2008-08-29,26.440001,26.440001,26.160000,26.160000,21.308060,4000
2008-09-02,25.920000,26.639999,25.920000,26.299999,21.422091,3100
2008-09-03,26.340000,26.350000,26.230000,26.280001,21.405804,3700
2008-09-04,26.080000,26.100000,25.850000,25.860001,21.063696,10000
2008-09-05,25.820000,26.049999,25.740000,26.040001,21.210314,11000
2008-09-08,26.400000,26.590000,26.290001,26.590000,21.658306,21700
2008-09-09,26.650000,26.770000,26.330000,26.330000,21.446531,8200
2008-09-10,27.160000,27.160000,26.309999,26.309999,21.430246,4300
2008-09-11,25.690001,26.469999,25.690001,26.469999,21.560560,12700
2008-09-12,26.340000,26.520000,26.340000,26.520000,21.601290,7400
2008-09-15,25.230000,27.200001,25.230000,27.160000,22.122589,14100
2008-09-16,25.940001,26.740000,25.820000,26.320000,21.438377,10500
2008-09-17,25.820000,26.110001,24.930000,25.780001,20.998539,20800
2008-09-18,25.059999,26.150000,25.059999,26.150000,21.299908,15000
2008-09-19,27.450001,27.450001,26.150000,27.450001,22.448080,57000
2008-09-22,26.580000,27.450001,25.610001,26.030001,21.286825,36900
2008-09-23,25.930000,26.260000,25.650000,25.650000,20.976067,19900
2008-09-24,25.629999,28.879999,25.360001,28.879999,23.617506,23900
2008-09-25,30.150000,30.370001,25.780001,25.980000,21.245943,76600
2008-09-26,25.530001,26.219999,25.530001,26.219999,21.442207,25000
2008-09-29,26.000000,26.000000,25.059999,25.100000,20.526295,21300
2008-09-30,26.150000,26.150000,24.889999,25.420000,20.787977,35000
2008-10-01,26.389999,26.389999,25.370001,25.709999,21.025137,25500
2008-10-02,25.600000,25.600000,25.260000,25.280001,20.673496,5400
2008-10-03,25.370001,25.799999,24.900000,24.900000,20.362732,13000
2008-10-06,23.639999,24.570000,23.260000,24.270000,19.847532,43100
2008-10-07,24.190001,24.290001,23.420000,23.490000,19.209671,9200
2008-10-08,22.950001,23.639999,22.750000,23.469999,19.193306,44000
2008-10-09,22.330000,23.500000,21.320000,21.500000,17.582287,22400
2008-10-10,20.459999,21.690001,17.000000,21.080000,17.238819,38500
2008-10-13,22.490000,23.780001,22.010000,22.700001,18.563623,293600
2008-10-14,24.610001,26.820000,22.160000,22.570000,18.457304,84400
2008-10-15,22.180000,22.180000,21.090000,21.090000,17.246992,16200
2008-10-16,22.620001,22.620001,20.840000,21.879999,17.893034,37600
2008-10-17,21.309999,22.420000,21.309999,22.180000,18.138372,36800
2008-10-20,22.959999,22.959999,21.750000,22.240000,18.187443,61500
2008-10-21,22.160000,22.639999,21.969999,22.209999,18.162909,61300
2008-10-22,22.000000,22.000000,20.990000,21.549999,17.623171,20700
2008-10-23,21.480000,21.770000,20.680000,21.379999,17.484146,44600
2008-10-24,19.010000,20.860001,18.600000,20.450001,16.723610,36700
2008-10-27,20.000000,20.770000,20.000000,20.200001,16.519163,7900
2008-10-28,20.389999,21.570000,20.080000,21.570000,17.639526,16700
2008-10-29,21.469999,22.150000,21.410000,21.809999,17.835793,19900
2008-10-30,21.690001,22.500000,21.610001,22.500000,18.400059,46100
2008-10-31,22.120001,22.639999,22.110001,22.350000,18.277391,18700
2008-11-03,22.559999,22.660000,22.330000,22.410000,18.326468,17700
2008-11-04,22.639999,22.830000,22.549999,22.670000,18.539082,24100
2008-11-05,22.530001,22.600000,21.840000,21.850000,17.868496,23400
2008-11-06,22.000000,22.000000,21.299999,21.299999,17.418722,18800
2008-11-07,21.510000,21.719999,21.430000,21.600000,17.664059,7700
2008-11-10,22.090000,22.090000,21.320000,21.360001,17.467793,11200
2008-11-11,21.090000,21.490000,20.990000,21.139999,17.287882,16700
2008-11-12,20.850000,20.850000,20.270000,20.309999,16.609123,30100
2008-11-13,20.200001,21.260000,19.740000,21.260000,17.386013,20200
2008-11-14,21.040001,21.490000,20.680000,20.780001,16.993484,9700
2008-11-17,20.270000,21.090000,20.270000,20.820000,17.026194,6900
2008-11-18,20.230000,20.959999,20.139999,20.750000,16.968950,60900
2008-11-19,20.820000,21.180000,20.070000,20.139999,16.470098,22100
2008-11-20,19.639999,20.080000,18.809999,18.809999,15.382455,26700
2008-11-21,19.100000,19.490000,18.469999,19.490000,15.938540,26800
2008-11-24,19.840000,20.250000,19.580000,20.110001,16.445566,25400
2008-11-25,20.200001,20.230000,19.620001,19.980000,16.339249,12500
2008-11-26,20.240000,20.350000,19.639999,20.350000,16.641838,13600
2008-11-28,20.120001,20.500000,20.120001,20.500000,16.764500,3500
2008-12-01,20.280001,20.280001,19.570000,19.570000,16.003971,6300
2008-12-02,19.790001,19.790001,19.280001,19.510000,15.954901,9700
2008-12-03,19.580000,20.010000,19.450001,20.010000,16.363789,11400
2008-12-04,19.770000,20.030001,19.260000,19.299999,15.783164,15200
2008-12-05,18.930000,19.709999,18.930000,19.709999,16.118458,7800
2008-12-08,20.320000,20.340000,20.040001,20.100000,16.437391,11800
2008-12-09,20.070000,20.160000,19.690001,19.740000,16.142990,13000
2008-12-10,20.100000,20.500000,19.760000,19.930000,16.298365,27400
2008-12-11,20.000000,20.139999,19.660000,19.780001,16.175697,11200
2008-12-12,19.190001,20.040001,19.190001,19.969999,16.331074,13800
2008-12-15,20.320000,20.320000,19.469999,19.700001,16.110277,19000
2008-12-16,20.410000,20.410000,19.850000,20.410000,16.690897,12900
2008-12-17,20.379999,20.540001,20.200001,20.500000,16.764500,32700
2008-12-18,20.639999,21.080000,20.320000,20.629999,16.870811,24000
2008-12-19,20.660000,20.830000,20.299999,20.330000,16.732536,12600
2008-12-22,20.260000,20.290001,19.910000,20.090000,16.535002,6900
2008-12-23,20.400000,20.400000,20.059999,20.139999,16.576162,11000
2008-12-24,20.219999,20.219999,20.120001,20.120001,16.559702,500
2008-12-26,20.340000,20.379999,20.230000,20.370001,16.765461,9600
2008-12-29,20.170000,20.250000,19.990000,20.160000,16.592625,19000
2008-12-30,20.360001,20.559999,20.340000,20.559999,16.921843,36700
2008-12-31,20.770000,20.990000,20.719999,20.980000,17.267523,82800
2009-01-02,20.950001,21.280001,20.910000,21.280001,17.514435,9200
2009-01-05,21.430000,21.430000,21.070000,21.139999,17.399206,7300
2009-01-06,21.290001,21.290001,20.930000,20.940001,17.234604,27000
2009-01-07,20.850000,21.129999,20.719999,20.730000,17.061762,6000
2009-01-08,20.840000,20.840000,20.600000,20.770000,17.094688,5800
2009-01-09,20.719999,20.719999,20.450001,20.520000,16.888922,1100
2009-01-12,20.389999,20.389999,20.230000,20.240000,16.658466,5600
2009-01-13,20.250000,20.360001,20.200001,20.260000,16.674927,6700
2009-01-14,20.000000,20.000000,19.680000,19.830000,16.321022,3600
2009-01-15,19.750000,19.860001,19.340000,19.840000,16.329245,16000
2009-01-16,19.969999,20.160000,19.820000,20.129999,16.567928,6500
2009-01-20,20.110001,20.240000,19.750000,19.799999,16.296328,11700
2009-01-21,20.219999,20.219999,19.559999,20.120001,16.559702,5100
2009-01-22,19.840000,19.980000,19.639999,19.980000,16.444475,13200
2009-01-23,19.559999,19.840000,19.559999,19.840000,16.329245,7800
2009-01-26,19.900000,20.110001,19.879999,19.930000,16.403322,5300
2009-01-27,20.190001,20.240000,19.959999,20.230000,16.650246,9200
2009-01-28,20.850000,20.850000,20.280001,20.389999,16.781918,6500
2009-01-29,19.990000,20.299999,19.990000,20.059999,16.510315,11900
2009-01-30,20.059999,20.209999,19.480000,19.480000,16.032942,9800
2009-02-02,19.459999,19.600000,19.400000,19.600000,16.131716,21500
2009-02-03,19.889999,19.950001,19.549999,19.950001,16.419786,18300
2009-02-04,19.830000,19.959999,19.580000,19.690001,16.205791,63000
2009-02-05,19.500000,19.799999,19.500000,19.760000,16.263401,4300
2009-02-06,19.549999,20.290001,19.549999,20.250000,16.666685,6400
2009-02-09,20.209999,20.230000,20.070000,20.170000,16.600857,8200
2009-02-10,20.020000,20.020000,19.360001,19.370001,15.942414,26200
2009-02-11,19.580000,19.680000,19.549999,19.629999,16.156412,6500
2009-02-12,19.490000,19.799999,19.350000,19.799999,16.296328,14800
2009-02-13,19.830000,19.870001,19.100000,19.680000,16.197565,18300
2009-02-17,19.219999,19.250000,19.070000,19.070000,15.695504,4000
2009-02-18,19.360001,19.360001,18.820000,19.010000,15.646124,54300
2009-02-19,19.209999,19.209999,18.990000,19.110001,15.728426,5600
2009-02-20,18.780001,18.879999,18.530001,18.690001,15.382744,25900
2009-02-23,18.790001,18.790001,18.000000,18.160000,14.946527,14200
2009-02-24,18.270000,18.740000,18.270000,18.670000,15.366282,23700
2009-02-25,18.629999,18.680000,18.410000,18.680000,15.374512,6000
2009-02-26,18.430000,18.430000,18.000000,18.000000,14.814844,11300
2009-02-27,17.820000,18.250000,17.820000,18.139999,14.930073,12300
2009-03-02,17.760000,17.830000,17.530001,17.530001,14.428012,25900
2009-03-03,17.719999,17.719999,17.270000,17.379999,14.304554,15300
2009-03-04,17.400000,17.820000,17.350000,17.730000,14.592615,15700
2009-03-05,17.420000,17.440001,16.309999,17.020000,14.008254,39000
2009-03-06,17.320000,17.320000,16.780001,17.170000,14.131710,44700
2009-03-09,17.139999,17.139999,16.110001,16.770000,13.802498,12800
2009-03-10,17.260000,17.379999,17.080000,17.250000,14.197552,10900
2009-03-11,17.420000,17.420000,17.340000,17.340000,14.271624,1800
2009-03-12,17.110001,17.879999,17.110001,17.799999,14.650229,20500
2009-03-13,17.959999,18.100000,17.820000,18.100000,14.897152,9400
2009-03-16,18.059999,18.459999,18.059999,18.180000,14.962990,8300
2009-03-17,18.250000,18.450001,18.230000,18.450001,15.185215,11300
2009-03-18,18.530001,18.709999,18.270000,18.610001,15.316903,11700
2009-03-19,18.500000,18.500000,18.290001,18.400000,15.144056,16200
2009-03-20,18.629999,18.629999,18.260000,18.270000,15.050148,15900
2009-03-23,18.850000,18.959999,18.490000,18.959999,15.618553,11200
2009-03-24,18.940001,19.049999,18.840000,18.840000,15.519695,5500
2009-03-25,19.020000,19.160000,18.680000,19.059999,15.700923,11100
2009-03-26,19.200001,19.400000,19.070000,19.400000,15.981006,11500
2009-03-27,19.299999,19.299999,19.139999,19.190001,15.808010,5100
2009-03-30,19.000000,19.000000,18.080000,18.719999,15.420842,28700
2009-03-31,19.090000,19.090000,18.680000,18.730000,15.429085,9700
2009-04-01,18.680000,19.059999,18.680000,19.030001,15.676208,3600
2009-04-02,19.930000,19.930000,19.650000,19.660000,16.195183,26400
2009-04-03,19.580000,19.660000,19.520000,19.620001,16.162243,15700
2009-04-06,19.590000,19.590000,19.299999,19.459999,16.030432,31600
2009-04-07,19.240000,19.340000,19.059999,19.160000,15.783297,26500
2009-04-08,19.139999,19.350000,19.139999,19.350000,15.939816,4600
2009-04-09,19.670000,19.690001,19.520000,19.620001,16.162243,18100
2009-04-13,19.690001,19.730000,19.510000,19.690001,16.219898,9100
2009-04-14,19.350000,19.389999,19.260000,19.350000,15.939816,9400
2009-04-15,19.219999,19.500000,19.209999,19.400000,15.981006,5600
2009-04-16,19.750000,19.959999,19.469999,19.930000,16.417601,9200
2009-04-17,20.120001,20.270000,19.990000,20.190001,16.631777,4500
2009-04-20,20.080000,20.170000,19.770000,19.920000,16.409361,3900
2009-04-21,19.780001,20.100000,19.750000,20.049999,16.516449,7000
2009-04-22,20.010000,20.290001,19.830000,20.010000,16.483500,15500
2009-04-23,20.190001,20.190001,19.830000,20.010000,16.483500,7900
2009-04-24,19.990000,20.260000,19.990000,20.260000,16.689442,18300
2009-04-27,20.360001,20.360001,19.360001,19.980000,16.458794,5200
2009-04-28,20.120001,20.270000,19.120001,20.090000,16.549397,9300
2009-04-29,20.370001,20.680000,20.370001,20.660000,17.018948,3100
2009-04-30,20.770000,21.040001,20.719999,20.830000,17.158987,18900
2009-05-01,20.850000,21.100000,20.719999,21.040001,17.331976,15700
2009-05-04,21.139999,21.410000,21.139999,21.410000,17.636768,16300
2009-05-05,21.420000,21.480000,21.230000,21.270000,17.521446,8000
2009-05-06,21.480000,21.540001,21.090000,21.219999,17.480247,11400
2009-05-07,21.639999,21.639999,21.100000,21.120001,17.397877,32300
2009-05-08,21.400000,21.520000,21.240000,21.389999,17.620298,18200
2009-05-11,21.209999,21.480000,21.170000,21.410000,17.636768,22200
2009-05-12,21.370001,21.559999,20.969999,21.480000,17.694431,22200
2009-05-13,21.200001,21.280001,20.959999,20.969999,17.274313,8600
2009-05-14,21.219999,21.250000,21.030001,21.129999,17.406116,22500
2009-05-15,21.030001,21.290001,21.030001,21.070000,17.356686,10100
2009-05-18,21.219999,21.389999,21.180000,21.389999,17.620298,12300
2009-05-19,21.360001,21.500000,21.350000,21.420000,17.645002,23300
2009-05-20,21.490000,21.709999,21.330000,21.389999,17.620298,20000
2009-05-21,21.290001,21.290001,20.969999,21.120001,17.397877,11400
2009-05-22,21.180000,21.309999,21.160000,21.309999,17.554390,7500
2009-05-26,21.299999,21.650000,21.000000,21.600000,17.793282,8700
2009-05-27,21.639999,21.639999,21.330000,21.340000,17.579100,17800
2009-05-28,21.330000,21.420000,21.020000,21.340000,17.579100,7800
2009-05-29,21.379999,21.450001,21.309999,21.430000,17.653246,3200
2009-06-01,21.870001,22.160000,21.820000,22.139999,18.238115,8200
2009-06-02,22.280001,22.510000,22.280001,22.430000,18.477005,11200
2009-06-03,22.270000,22.280001,22.110001,22.209999,18.295784,14200
2009-06-04,22.290001,22.340000,22.170000,22.240000,18.320486,7500
2009-06-05,22.240000,22.320000,22.180000,22.209999,18.295784,5500
2009-06-08,22.160000,22.299999,22.040001,22.299999,18.369917,4200
2009-06-09,22.309999,22.309999,22.160000,22.230000,18.312254,7800
2009-06-10,22.110001,22.110001,21.780001,21.930000,18.065123,11700
2009-06-11,22.070000,22.230000,22.070000,22.120001,18.221642,7700
2009-06-12,22.100000,22.100000,21.870001,22.010000,18.131018,9400
2009-06-15,21.690001,21.690001,21.480000,21.520000,17.727396,12900
2009-06-16,21.700001,21.700001,21.250000,21.250000,17.504963,2500
2009-06-17,21.290001,21.400000,21.290001,21.370001,17.603827,5700
2009-06-18,21.340000,21.690001,21.340000,21.650000,17.834467,4100
2009-06-19,21.520000,21.660000,21.510000,21.549999,17.895927,12600
2009-06-22,21.350000,21.350000,21.139999,21.160000,17.572050,8400
2009-06-23,21.120001,21.160000,21.070000,21.139999,17.555443,6500
2009-06-24,21.209999,21.299999,21.070000,21.110001,17.530521,27800
2009-06-25,21.150000,21.590000,21.150000,21.590000,17.929138,3900
2009-06-26,21.580000,21.660000,21.480000,21.629999,17.962357,8700
2009-06-29,21.840000,21.879999,21.790001,21.790001,18.095228,3500
2009-06-30,21.820000,21.850000,21.600000,21.700001,18.020489,4800
2009-07-01,21.820000,22.170000,21.809999,22.110001,18.360971,8500
2009-07-02,21.930000,21.930000,21.510000,21.510000,17.862705,5600
2009-07-06,21.450001,21.700001,21.450001,21.700001,18.020489,2600
2009-07-07,21.639999,21.719999,21.459999,21.459999,17.821180,21900
2009-07-08,21.510000,21.510000,21.360001,21.459999,17.821180,3900
2009-07-09,21.520000,21.520000,21.320000,21.370001,17.746454,5300
2009-07-10,21.250000,21.400000,21.170000,21.270000,17.663401,7600
2009-07-13,21.290001,21.590000,21.190001,21.590000,17.929138,6700
2009-07-14,21.660000,21.740000,21.570000,21.740000,18.053707,7000
2009-07-15,21.889999,22.180000,21.889999,22.180000,18.419096,40000
2009-07-16,22.260000,22.270000,22.170000,22.230000,18.460621,3200
2009-07-17,22.280001,22.320000,22.260000,22.299999,18.518753,8600
2009-07-20,22.430000,22.430000,22.160000,22.420000,18.618404,5100
2009-07-21,22.580000,22.580000,22.139999,22.230000,18.460621,4500
2009-07-22,22.280001,22.540001,22.280001,22.459999,18.651621,3100
2009-07-23,22.820000,22.959999,22.820000,22.870001,18.992100,6600
2009-07-24,22.730000,22.900000,22.730000,22.900000,19.017017,3500
2009-07-27,22.840000,22.850000,22.660000,22.850000,18.975492,4200
2009-07-28,22.870001,22.959999,22.840000,22.959999,19.066839,5600
2009-07-29,23.030001,23.120001,22.889999,23.020000,19.116667,5100
2009-07-30,23.160000,23.469999,23.150000,23.190001,19.257841,11200
2009-07-31,23.260000,23.340000,23.150000,23.150000,19.224627,8200
2009-08-03,23.360001,23.360001,23.059999,23.240000,19.299368,8900
2009-08-04,23.160000,23.270000,23.120001,23.150000,19.224627,8800
2009-08-05,23.139999,23.139999,22.910000,22.940001,19.050236,4800
2009-08-06,22.980000,23.030001,22.740000,22.740000,18.884138,5800
2009-08-07,23.049999,23.160000,23.049999,23.100000,19.183105,1500
2009-08-10,22.950001,23.139999,22.950001,23.100000,19.183105,3400
2009-08-11,23.090000,23.090000,22.930000,22.980000,19.083445,3000
2009-08-12,23.070000,23.270000,23.070000,23.090000,19.174795,6900
2009-08-13,23.230000,23.230000,22.980000,23.110001,19.191401,39400
2009-08-14,22.910000,22.910000,22.740000,22.879999,19.000404,6900
2009-08-17,22.790001,22.790001,22.570000,22.660000,18.817707,19700
2009-08-18,22.730000,22.809999,22.570000,22.709999,18.859232,7200
2009-08-19,22.570000,22.920000,22.570000,22.860001,18.983791,2800
2009-08-20,22.850000,23.070000,22.850000,23.070000,19.158186,4800
2009-08-21,23.280001,23.410000,23.280001,23.389999,19.423931,2500
2009-08-24,23.360001,23.430000,23.270000,23.330000,19.374109,2800
2009-08-25,23.490000,23.570000,23.430000,23.430000,19.457148,1700
2009-08-26,23.389999,23.450001,23.370001,23.450001,19.473755,4200
2009-08-27,23.379999,23.440001,23.180000,23.389999,19.423931,5500
2009-08-28,23.330000,23.330000,23.260000,23.299999,19.349192,3200
2009-08-31,23.180000,23.219999,23.180000,23.209999,19.274454,5400
2009-09-01,23.120001,23.340000,22.950001,22.950001,19.058538,14300
2009-09-02,22.879999,23.049999,22.879999,23.049999,19.141579,2300
2009-09-03,23.020000,23.020000,22.930000,22.969999,19.075146,10100
2009-09-04,23.020000,23.280001,23.020000,23.280001,19.332577,10600
2009-09-08,23.490000,23.500000,23.440001,23.480000,19.498671,2300
2009-09-09,23.520000,23.740000,23.520000,23.680000,19.664753,6000
2009-09-10,23.680000,23.889999,23.680000,23.870001,19.822540,7500
2009-09-11,23.850000,23.850000,23.799999,23.820000,19.781010,5200
2009-09-14,23.730000,23.879999,23.719999,23.830000,19.789316,6600
2009-09-15,23.760000,23.770000,23.620001,23.770000,19.739494,12700
2009-09-16,23.709999,23.910000,23.709999,23.889999,19.839149,49400
2009-09-17,23.959999,24.010000,23.860001,23.920000,19.864065,15500
2009-09-18,23.910000,24.059999,23.910000,24.010000,20.007383,12700
2009-09-21,23.770000,23.930000,23.719999,23.870001,19.890724,8500
2009-09-22,23.940001,23.940001,23.799999,23.870001,19.890724,4400
2009-09-23,23.910000,24.090000,23.910000,23.950001,19.957384,4900
2009-09-24,23.889999,23.889999,23.580000,23.620001,19.682402,22700
2009-09-25,23.540001,23.680000,23.540001,23.540001,19.615736,3100
2009-09-28,23.770000,23.860001,23.770000,23.809999,19.840729,3700
2009-09-29,23.920000,23.990000,23.879999,23.920000,19.932394,4100
2009-09-30,23.969999,23.980000,23.650000,23.910000,19.924059,7900
2009-10-01,23.980000,23.980000,23.580000,23.650000,19.707405,4200
2009-10-02,23.520000,23.760000,23.520000,23.660000,19.715731,10400
2009-10-05,23.660000,23.780001,23.559999,23.780001,19.815729,7400
2009-10-06,23.889999,24.150000,23.889999,24.080000,20.065712,8900
2009-10-07,24.100000,24.120001,24.040001,24.040001,20.032387,1900
2009-10-08,24.190001,24.370001,24.190001,24.330000,20.274036,5100
2009-10-09,24.350000,24.469999,24.350000,24.469999,20.390701,4100
2009-10-12,24.610001,24.610001,24.480000,24.530001,20.440708,10400
2009-10-13,24.330000,24.350000,24.330000,24.340000,20.282381,3000
2009-10-14,24.490000,24.510000,24.400000,24.510000,20.424038,3800
2009-10-15,24.590000,24.709999,24.590000,24.690001,20.574030,4100
2009-10-16,24.610001,24.799999,24.610001,24.740000,20.615688,8100
2009-10-19,24.650000,24.959999,24.650000,24.799999,20.665688,7100
2009-10-20,24.870001,24.870001,24.660000,24.680000,20.565695,5000
2009-10-21,24.930000,24.930000,24.540001,24.540001,20.449034,1000
2009-10-22,24.559999,24.629999,24.389999,24.629999,20.524021,4400
2009-10-23,24.600000,24.600000,24.250000,24.290001,20.240707,4000
2009-10-26,24.500000,24.500000,24.110001,24.209999,20.174040,2200
2009-10-27,24.230000,24.260000,24.160000,24.190001,20.157379,6800
2009-10-28,24.100000,24.150000,23.790001,23.820000,19.849052,6600
2009-10-29,24.000000,24.190001,23.900000,24.190001,20.157379,5400
2009-10-30,24.139999,24.250000,23.870001,23.870001,19.890724,8300
2009-11-02,24.010000,24.030001,23.770000,23.980000,19.982388,6200
2009-11-03,23.870001,23.940001,23.700001,23.900000,19.915724,6600
2009-11-04,24.049999,24.110001,23.920000,23.920000,19.932394,4600
2009-11-05,24.139999,24.160000,24.080000,24.160000,20.132380,1900
2009-11-06,24.059999,24.250000,24.059999,24.150000,20.124046,4700
2009-11-09,24.320000,24.510000,24.290001,24.510000,20.424038,4600
2009-11-10,24.450001,25.490000,24.450001,24.480000,20.399035,41000
2009-11-11,24.639999,24.639999,24.490000,24.500000,20.415697,3600
2009-11-12,24.549999,24.620001,24.360001,24.360001,20.299042,4300
2009-11-13,24.370001,24.559999,24.170000,24.530001,20.440708,7100
2009-11-16,24.549999,24.870001,24.549999,24.799999,20.665688,3500
2009-11-17,24.799999,24.840000,24.790001,24.820000,20.682360,5500
2009-11-18,24.780001,24.780001,24.660000,24.770000,20.640688,4700
2009-11-19,24.639999,24.639999,24.400000,24.570000,20.474033,5700
2009-11-20,24.520000,24.629999,24.510000,24.620001,20.515696,3700
2009-11-23,24.750000,25.010000,24.750000,24.809999,20.674025,10100
2009-11-24,24.840000,24.840000,24.700001,24.830000,20.690687,3400
2009-11-25,24.920000,24.920000,24.770000,24.799999,20.665688,4300
2009-11-27,23.670000,24.530001,23.120001,24.469999,20.390701,5500
2009-11-30,24.469999,24.469999,24.219999,24.240000,20.199043,800
2009-12-01,24.520000,24.709999,24.520000,24.680000,20.565695,3200
2009-12-02,24.639999,24.870001,24.260000,24.790001,20.657362,3900
2009-12-03,24.920000,24.920000,24.600000,24.600000,20.499035,4700
2009-12-04,24.629999,25.090000,23.799999,24.959999,20.799015,8700
2009-12-07,24.650000,24.990000,24.650000,24.969999,20.807341,5500
2009-12-08,24.600000,24.629999,24.559999,24.570000,20.474033,4700
2009-12-09,24.379999,24.530001,24.379999,24.520000,20.432367,5000
2009-12-10,24.620001,24.650000,24.469999,24.469999,20.390701,2200
2009-12-11,24.530001,24.680000,24.530001,24.629999,20.524021,3400
2009-12-14,24.670000,24.780001,24.670000,24.780001,20.649023,2500
2009-12-15,24.629999,24.799999,24.629999,24.700001,20.582361,7200
2009-12-16,24.910000,24.910000,24.680000,24.680000,20.565695,8300
2009-12-17,24.480000,24.480000,24.430000,24.430000,20.357368,1900
2009-12-18,24.129999,24.230000,24.030001,24.209999,20.295338,4600
2009-12-21,24.400000,24.540001,24.400000,24.450001,20.496531,3900
2009-12-22,24.559999,24.680000,24.559999,24.670000,20.680958,3900
2009-12-23,24.760000,24.900000,24.750000,24.889999,20.865381,15500
2009-12-24,24.879999,24.950001,24.879999,24.950001,20.915684,2000
2009-12-28,24.940001,24.969999,24.910000,24.969999,20.932447,4500
2009-12-29,24.980000,25.020000,24.950001,24.950001,20.915684,4200
2009-12-30,24.879999,24.920000,24.830000,24.910000,20.882139,20400
2009-12-31,25.010000,25.010000,24.670000,24.670000,20.680958,7600
2010-01-04,24.879999,25.010000,24.879999,24.990000,20.949207,5700
2010-01-05,25.000000,25.040001,24.910000,24.959999,20.924063,19200
2010-01-06,25.000000,25.010000,24.950001,24.990000,20.949207,8000
2010-01-07,24.980000,24.980000,24.760000,24.910000,20.882139,10100
2010-01-08,24.860001,24.860001,24.670000,24.770000,20.764784,5100
2010-01-11,24.790001,24.790001,24.680000,24.760000,20.756405,2300
2010-01-12,24.780001,24.780001,24.690001,24.760000,20.756405,3300
2010-01-13,24.799999,24.980000,24.799999,24.959999,20.924063,7200
2010-01-14,24.860001,24.940001,24.830000,24.940001,20.907299,5600
2010-01-15,25.059999,25.059999,24.820000,24.870001,20.848619,2100
2010-01-19,24.910000,25.129999,24.910000,25.129999,21.066572,14700
2010-01-20,24.820000,24.889999,24.709999,24.889999,20.865381,2700
2010-01-21,24.900000,24.900000,24.570000,24.570000,20.597124,2000
2010-01-22,24.740000,24.740000,24.490000,24.490000,20.530060,6800
2010-01-25,24.580000,24.580000,24.420000,24.480000,20.521685,4800
2010-01-26,24.400000,24.500000,24.280001,24.440001,20.488153,8800
2010-01-27,24.330000,24.549999,24.309999,24.490000,20.530060,5300
2010-01-28,24.530001,24.530001,24.260000,24.370001,20.429466,12100
2010-01-29,24.450001,24.549999,24.250000,24.260000,20.337254,3200
2010-02-01,24.299999,24.389999,24.250000,24.389999,20.446232,7200
2010-02-02,24.490000,24.730000,24.490000,24.719999,20.722870,4100
2010-02-03,24.600000,24.600000,24.450001,24.480000,20.521685,10400
2010-02-04,24.250000,24.250000,23.980000,23.980000,20.102524,4500
2010-02-05,23.799999,23.900000,23.639999,23.840000,19.985159,14600
2010-02-08,23.940001,23.969999,23.900000,23.900000,20.035458,1100
2010-02-09,24.010000,24.100000,23.850000,24.000000,20.119286,13000
2010-02-10,23.910000,23.950001,23.850000,23.950001,20.077383,4300
2010-02-11,23.889999,24.209999,23.889999,24.209999,20.295338,3300
2010-02-12,23.990000,24.190001,23.990000,24.190001,20.278570,4900
2010-02-16,24.330000,24.520000,24.299999,24.520000,20.555210,4900
2010-02-17,24.600000,24.780001,24.600000,24.780001,20.773174,4000
2010-02-18,24.900000,25.020000,24.879999,25.020000,20.974360,5300
2010-02-19,24.959999,25.080000,24.940001,25.040001,20.991133,3400
2010-02-22,25.139999,25.139999,24.969999,25.010000,20.965984,11000
2010-02-23,24.950001,25.000000,24.799999,24.870001,20.848619,5200
2010-02-24,24.910000,25.020000,24.879999,25.020000,20.974360,6000
2010-02-25,24.799999,25.250000,24.799999,25.219999,21.142015,438000
2010-02-26,25.200001,25.200001,25.030001,25.120001,21.058197,1700
2010-03-01,25.290001,25.350000,25.260000,25.350000,21.250998,3300
2010-03-02,25.469999,25.590000,25.430000,25.520000,21.393513,82400
2010-03-03,25.530001,25.620001,25.490000,25.500000,21.376751,6300
2010-03-04,25.510000,25.580000,25.510000,25.549999,21.418661,3200
2010-03-05,25.790001,25.790001,25.620001,25.790001,21.619854,3400
2010-03-08,25.820000,25.820000,25.730000,25.780001,21.611469,4600
2010-03-09,25.830000,25.910000,25.770000,25.790001,21.619854,7500
2010-03-10,25.770000,25.799999,25.660000,25.730000,21.569563,128600
2010-03-11,25.650000,25.790001,25.580000,25.790001,21.619854,87500
2010-03-12,25.930000,25.930000,25.770000,25.850000,21.670155,18700
2010-03-15,25.760000,25.879999,25.760000,25.879999,21.695301,19500
2010-03-16,25.930000,26.070000,25.870001,26.070000,21.854586,22500
2010-03-17,26.120001,26.270000,26.110001,26.250000,22.005476,109000
2010-03-18,26.299999,26.299999,26.180000,26.219999,21.980322,16200
2010-03-19,26.030001,26.200001,25.969999,26.030001,21.838539,47000
2010-03-22,25.920000,26.299999,25.920000,26.270000,22.039894,75500
2010-03-23,26.290001,26.510000,26.260000,26.510000,22.241249,50600
2010-03-24,26.440001,26.450001,26.290001,26.299999,22.065069,6600
2010-03-25,26.450001,26.450001,26.160000,26.170000,21.955997,7100
2010-03-26,26.190001,26.200001,26.080000,26.170000,21.955997,6100
2010-03-29,26.280001,26.389999,26.280001,26.389999,22.140570,2000
2010-03-30,26.480000,26.510000,26.350000,26.440001,22.182524,8700
2010-03-31,26.360001,26.430000,26.240000,26.240000,22.014725,10000
2010-04-01,26.440001,26.440001,26.320000,26.420000,22.165737,4700
2010-04-05,26.389999,26.590000,26.389999,26.490000,22.224470,12400
2010-04-06,26.430000,26.549999,26.430000,26.520000,22.249636,15300
2010-04-07,26.450001,26.469999,26.379999,26.420000,22.165737,2700
2010-04-08,26.320000,26.440001,26.260000,26.379999,22.132172,5800
2010-04-09,26.480000,26.580000,26.480000,26.580000,22.299974,4200
2010-04-12,26.660000,26.730000,26.639999,26.719999,22.417429,3000
2010-04-13,26.629999,26.650000,26.469999,26.629999,22.341930,6500
2010-04-14,26.690001,26.870001,26.680000,26.860001,22.534895,8900
2010-04-15,26.740000,26.930000,26.740000,26.900000,22.568447,12100
2010-04-16,27.010000,27.020000,26.730000,26.830000,22.509720,3200
2010-04-19,26.700001,26.850000,26.660000,26.850000,22.526506,12500
2010-04-20,26.910000,27.000000,26.910000,26.959999,22.618790,5000
2010-04-21,27.020000,27.049999,26.950001,27.030001,22.677515,5700
2010-04-22,26.840000,27.100000,26.840000,27.100000,22.736248,14900
2010-04-23,27.160000,27.160000,26.959999,27.129999,22.761414,28200
2010-04-26,27.209999,27.270000,27.150000,27.170000,22.794970,7700
2010-04-27,26.959999,26.959999,26.540001,26.540001,22.266418,5100
2010-04-28,26.620001,26.770000,26.620001,26.709999,22.409050,3500
2010-04-29,26.780001,27.059999,26.780001,27.010000,22.660736,10900
2010-04-30,27.070000,27.120001,26.840000,26.840000,22.518110,3200
2010-05-03,26.780001,27.000000,26.780001,26.959999,22.618790,2800
2010-05-04,26.709999,26.709999,26.459999,26.530001,22.258022,7500
2010-05-05,26.450001,26.580000,26.430000,26.450001,22.190914,2800
2010-05-06,26.450001,26.450001,20.719999,25.889999,21.721075,24100
2010-05-07,25.480000,25.730000,25.030001,25.340000,21.259647,24400
2010-05-10,27.570000,27.570000,26.080000,26.219999,21.997944,10100
2010-05-11,25.549999,26.430000,25.549999,26.370001,22.123795,12100
2010-05-12,26.549999,26.709999,26.500000,26.700001,22.400656,3500
2010-05-13,26.790001,26.790001,26.469999,26.530001,22.258022,7800
2010-05-14,26.270000,26.299999,26.049999,26.049999,21.855318,4700
2010-05-17,26.240000,26.379999,26.070000,26.379999,22.132172,7200
2010-05-18,26.629999,26.629999,26.250000,26.250000,22.023117,15800
2010-05-19,26.059999,26.090000,25.850000,26.030001,21.838539,5200
2010-05-20,25.260000,25.510000,25.129999,25.129999,21.083462,8700
2010-05-21,24.670000,25.309999,24.450001,25.219999,21.158964,27800
2010-05-24,25.280001,25.309999,25.120001,25.139999,21.091850,8100
2010-05-25,24.450001,24.870001,24.450001,24.870001,20.865326,11000
2010-05-26,25.160000,25.240000,24.860001,24.860001,20.856941,4800
2010-05-27,25.209999,25.410000,25.170000,25.410000,21.318377,19800
2010-05-28,25.530001,25.570000,25.410000,25.450001,21.351936,2000
2010-06-01,25.350000,25.350000,25.260000,25.260000,21.192532,1900
2010-06-02,25.240000,25.389999,25.240000,25.389999,21.301592,1300
2010-06-03,25.610001,25.680000,25.520000,25.639999,21.511333,12400
2010-06-04,25.180000,25.260000,24.870001,24.870001,20.865326,900
2010-06-07,24.790001,25.010000,24.719999,24.730000,20.747871,5600
2010-06-08,24.760000,24.930000,24.660000,24.930000,20.915665,14400
2010-06-09,25.170000,25.170000,24.900000,24.940001,20.924057,2200
2010-06-10,25.410000,25.410000,25.260000,25.350000,21.268028,1100
2010-06-11,25.180000,25.389999,25.180000,25.389999,21.301592,2200
2010-06-14,25.629999,25.690001,25.549999,25.549999,21.435835,4800
2010-06-15,25.750000,25.840000,25.709999,25.840000,21.679131,3300
2010-06-16,25.660000,25.770000,25.660000,25.770000,21.620401,1600
2010-06-17,25.840000,25.900000,25.799999,25.850000,21.687521,1800
2010-06-18,26.080000,26.080000,25.790001,25.850000,21.781898,20300
2010-06-21,26.000000,26.000000,25.660000,25.660000,21.621792,2400
2010-06-22,25.730000,25.760000,25.540001,25.540001,21.520687,10900
2010-06-23,25.620001,25.620001,25.320000,25.370001,21.377436,1700
2010-06-24,25.200001,25.309999,25.100000,25.100000,21.149925,8800
2010-06-25,25.190001,25.230000,25.059999,25.070000,21.124647,1700
2010-06-28,25.059999,25.299999,25.000000,25.299999,21.318455,3700
2010-06-29,25.000000,25.000000,24.780001,24.799999,20.897133,3000
2010-06-30,24.680000,24.730000,24.459999,24.490000,20.635925,2400
2010-07-01,24.620001,24.620001,24.250000,24.430000,20.585367,3500
2010-07-02,24.379999,24.510000,24.360001,24.450001,20.602222,2100
2010-07-06,24.590000,24.809999,24.440001,24.450001,20.602222,1900
2010-07-07,24.580000,25.100000,24.580000,25.100000,21.149925,51800
2010-07-08,25.280001,25.389999,25.240000,25.389999,21.394291,2700
2010-07-09,25.490000,25.540001,25.400000,25.540001,21.520687,6300
2010-07-12,25.459999,25.459999,25.379999,25.450001,21.444845,1200
2010-07-13,25.670000,25.850000,25.670000,25.809999,21.748199,6300
2010-07-14,25.799999,25.799999,25.719999,25.730000,21.680782,2400
2010-07-15,25.830000,25.900000,25.730000,25.889999,21.815598,12500
2010-07-16,25.950001,25.950001,25.389999,25.389999,21.394291,5500
2010-07-19,25.350000,25.500000,25.350000,25.469999,21.461699,5600
2010-07-20,25.459999,25.780001,25.389999,25.780001,21.722912,700
2010-07-21,26.090000,26.090000,25.420000,25.490000,21.478548,5000
2010-07-22,25.520000,25.860001,25.520000,25.820000,21.756617,5700
2010-07-23,25.990000,26.200001,25.840000,26.200001,22.076809,18500
2010-07-26,26.170000,26.459999,26.170000,26.459999,22.295902,59000
2010-07-27,26.639999,26.639999,26.530001,26.580000,22.397009,5900
2010-07-28,26.700001,26.700001,26.260000,26.260000,22.127371,3000
2010-07-29,26.680000,26.680000,25.870001,26.040001,21.942007,9000
2010-07-30,25.920000,26.180000,25.920000,26.180000,22.059963,5500
2010-08-02,26.420000,26.420000,26.260000,26.350000,22.203213,6300
2010-08-03,26.360001,26.360001,26.230000,26.230000,22.102095,5000
2010-08-04,26.230000,26.290001,26.190001,26.280001,22.144224,3000
2010-08-05,25.950001,26.139999,25.950001,26.139999,22.026251,2600
2010-08-06,26.040001,26.049999,25.879999,26.049999,21.950426,3300
2010-08-09,26.230000,26.260000,26.209999,26.260000,22.127371,5100
2010-08-10,26.190001,26.280001,26.160000,26.280001,22.144224,1000
2010-08-11,25.840000,25.840000,25.740000,25.740000,21.689209,2400
2010-08-12,25.520000,25.709999,25.520000,25.690001,21.647076,3600
2010-08-13,25.549999,25.590000,25.549999,25.590000,21.562815,1300
2010-08-16,25.580000,25.690001,25.580000,25.680000,21.638649,2000
2010-08-17,25.830000,26.100000,25.760000,25.990000,21.899862,5600
2010-08-18,26.049999,26.049999,25.940001,26.020000,21.925142,700
2010-08-19,25.910000,25.910000,25.670000,25.680000,21.638649,700
2010-08-20,25.570000,25.670000,25.530001,25.650000,21.613369,13300
2010-08-23,25.780001,25.820000,25.680000,25.680000,21.638649,900
2010-08-24,25.510000,25.629999,25.459999,25.549999,21.529112,6800
2010-08-25,25.389999,25.620001,25.320000,25.559999,21.537533,8000
2010-08-26,25.580000,25.580000,25.360001,25.379999,21.385866,24200
2010-08-27,25.590000,25.629999,25.280001,25.629999,21.596521,3800
2010-08-30,25.670000,25.690001,25.309999,25.309999,21.326878,4200
2010-08-31,25.320000,25.530001,25.309999,25.410000,21.411140,5200
2010-09-01,25.639999,25.850000,25.639999,25.850000,21.781898,7500
2010-09-02,25.889999,25.889999,25.889999,25.889999,21.815598,200
2010-09-03,26.059999,26.190001,26.059999,26.190001,22.068394,200
2010-09-07,26.230000,26.230000,26.010000,26.010000,21.916718,4900
2010-09-08,26.059999,26.139999,26.020000,26.070000,21.967274,5600
2010-09-09,26.180000,26.190001,26.049999,26.180000,22.059963,1800
2010-09-10,26.260000,26.299999,26.260000,26.299999,22.161077,1300
2010-09-13,26.420000,26.480000,26.360001,26.360001,22.211639,4900
2010-09-14,26.379999,26.440001,26.379999,26.440001,22.279045,1900
2010-09-15,26.219999,26.600000,26.219999,26.570000,22.388590,4600
2010-09-16,26.500000,26.549999,26.469999,26.549999,22.371737,4100
2010-09-17,26.610001,26.610001,26.430000,26.430000,22.348064,10100
2010-09-20,26.500000,26.850000,26.500000,26.850000,22.703194,2500
2010-09-21,26.709999,26.809999,26.639999,26.700001,22.576357,6700
2010-09-22,26.780001,26.799999,26.650000,26.719999,22.593271,15000
2010-09-23,26.559999,26.670000,26.469999,26.480000,22.390335,6000
2010-09-24,26.770000,26.840000,26.770000,26.799999,22.660915,1400
2010-09-27,26.870001,26.940001,26.860001,26.910000,22.753929,1800
2010-09-28,26.660000,26.950001,26.600000,26.950001,22.787752,2400
2010-09-29,26.889999,26.980000,26.830000,26.940001,22.779299,4100
2010-09-30,26.930000,26.930000,26.730000,26.780001,22.644009,7500
2010-10-01,26.990000,26.990000,26.690001,26.879999,22.728561,9200
2010-10-04,27.100000,27.100000,26.680000,26.719999,22.593271,1400
2010-10-05,26.780001,27.129999,26.760000,27.110001,22.923040,14000
2010-10-06,27.139999,27.139999,27.100000,27.100000,22.914587,1400
2010-10-07,27.350000,27.350000,27.020000,27.020000,22.846937,900
2010-10-08,27.090000,27.170000,27.000000,27.170000,22.973774,2600
2010-10-11,27.129999,27.230000,27.129999,27.150000,22.956858,2400
2010-10-12,27.120001,27.280001,27.120001,27.280001,23.066778,3200
2010-10-13,27.549999,27.580000,27.549999,27.580000,23.320452,500
2010-10-14,27.620001,27.620001,27.520000,27.570000,23.311993,2200
2010-10-15,27.809999,27.809999,27.620001,27.690001,23.413465,6800
2010-10-18,27.790001,27.799999,27.740000,27.790001,23.498011,6600
2010-10-19,27.540001,27.670000,27.330000,27.410000,23.176708,6200
2010-10-20,27.580000,27.719999,27.580000,27.690001,23.413465,2100
2010-10-21,27.469999,27.860001,27.469999,27.629999,23.362728,2100
2010-10-22,27.809999,27.809999,27.790001,27.809999,23.514935,5400
2010-10-25,27.959999,27.969999,27.850000,27.860001,23.557213,2800
2010-10-26,27.670000,27.680000,27.670000,27.680000,23.405008,600
2010-10-27,27.510000,27.510000,27.360001,27.459999,23.218985,1800
2010-10-28,27.510000,27.740000,27.510000,27.639999,23.371185,4800
2010-10-29,27.580000,27.700001,27.580000,27.700001,23.421923,900
2010-11-01,27.639999,27.639999,27.520000,27.590000,23.328903,1000
2010-11-02,27.600000,27.610001,27.600000,27.610001,23.345823,400
2010-11-03,27.639999,27.680000,27.540001,27.680000,23.405008,1400
2010-11-04,28.000000,28.090000,28.000000,28.090000,23.751682,2100
2010-11-05,28.070000,28.129999,28.059999,28.070000,23.734777,2500
2010-11-08,28.000000,28.129999,27.990000,28.120001,23.777054,2400
2010-11-09,28.080000,28.080000,27.889999,27.889999,23.582573,13300
2010-11-10,27.770000,27.910000,27.750000,27.870001,23.565668,2600
2010-11-11,27.799999,27.969999,27.799999,27.959999,23.641756,8700
2010-11-12,27.830000,27.889999,27.760000,27.799999,23.506472,3900
2010-11-15,27.950001,27.959999,27.830000,27.830000,23.531839,6900
2010-11-16,27.709999,27.709999,27.430000,27.490000,23.244350,5800
2010-11-17,27.510000,27.610001,27.510000,27.549999,23.295080,1100
2010-11-18,27.879999,28.059999,27.879999,27.980000,23.658676,5200
2010-11-19,28.000000,28.100000,28.000000,28.100000,23.760141,2000
2010-11-22,28.070000,28.160000,28.070000,28.160000,23.810873,2500
2010-11-23,27.820000,27.920000,27.799999,27.900000,23.591022,4100
2010-11-24,28.070000,28.139999,28.070000,28.129999,23.785500,1400
2010-11-26,28.150000,28.240000,28.100000,28.219999,23.861605,6100
2010-11-29,27.850000,28.049999,27.850000,28.049999,23.717869,1700
2010-11-30,27.860001,28.030001,27.860001,27.940001,23.624851,13500
2010-12-01,28.190001,28.360001,28.139999,28.340000,23.963078,3200
2010-12-02,28.190001,28.400000,28.190001,28.400000,24.013811,5300
2010-12-03,28.400000,28.440001,28.330000,28.420000,24.030722,2900
2010-12-06,28.309999,28.450001,28.309999,28.420000,24.030722,11600
2010-12-07,28.719999,28.719999,28.459999,28.500000,24.098366,139100
2010-12-08,28.600000,28.660000,28.530001,28.629999,24.208286,38100
2010-12-09,28.750000,28.770000,28.690001,28.770000,24.326664,4300
2010-12-10,28.820000,28.879999,28.760000,28.840000,24.385855,6000
2010-12-13,29.000000,29.000000,28.830000,28.830000,24.377390,7600
2010-12-14,28.889999,28.940001,28.850000,28.850000,24.394306,5300
2010-12-15,28.889999,29.020000,28.889999,28.980000,24.504229,3100
2010-12-16,28.959999,29.209999,28.959999,29.209999,24.698711,4100
2010-12-17,29.180000,29.180000,28.900000,29.010000,24.741354,11300
2010-12-20,29.200001,29.200001,28.920000,29.040001,24.766935,6200
2010-12-21,29.049999,29.049999,28.930000,28.980000,24.715765,15700
2010-12-22,29.070000,29.100000,29.000000,29.049999,24.775461,5600
2010-12-23,28.969999,29.100000,28.969999,29.080000,24.801054,6600
2010-12-27,29.000000,29.040001,28.969999,29.010000,24.741354,1500
2010-12-28,29.020000,29.020000,28.940001,29.000000,24.732819,6800
2010-12-29,29.070000,29.070000,29.010000,29.030001,24.758415,9500
2010-12-30,28.969999,29.049999,28.969999,29.049999,24.775461,6600
2010-12-31,28.969999,28.990000,28.969999,28.980000,24.715765,4600
2011-01-03,29.139999,29.139999,28.780001,28.920000,24.664595,4100
2011-01-04,29.049999,29.049999,28.580000,28.610001,24.400209,10000
2011-01-05,28.420000,28.700001,28.420000,28.700001,24.476973,11700
2011-01-06,28.820000,28.820000,28.559999,28.559999,24.357561,1900
2011-01-07,28.340000,28.590000,28.280001,28.420000,24.238173,16500
2011-01-10,28.320000,28.480000,28.320000,28.480000,24.289337,5100
2011-01-11,28.540001,28.540001,28.430000,28.430000,24.246695,1800
2011-01-12,28.580000,28.719999,28.570000,28.570000,24.366095,2300
2011-01-13,28.650000,28.690001,28.590000,28.590000,24.383144,2600
2011-01-14,28.520000,28.650000,28.520000,28.620001,24.408741,4500
2011-01-18,28.580000,28.620001,28.549999,28.620001,24.408741,3400
2011-01-19,28.450001,28.450001,28.350000,28.360001,24.186998,5200
2011-01-20,28.309999,28.540001,28.309999,28.440001,24.255220,2800
2011-01-21,28.500000,28.559999,28.440001,28.450001,24.263748,2500
2011-01-24,28.450001,28.469999,28.379999,28.430000,24.246695,4600
2011-01-25,28.450001,28.469999,28.350000,28.440001,24.255220,10800
2011-01-26,28.490000,28.590000,28.450001,28.549999,24.349033,9900
2011-01-27,28.490000,28.490000,28.400000,28.469999,24.280811,12500
2011-01-28,28.520000,28.520000,28.040001,28.040001,23.914080,11500
2011-01-31,27.980000,28.059999,27.750000,27.969999,23.854382,11300
2011-02-01,28.120001,28.290001,28.120001,28.290001,24.127298,6700
2011-02-02,28.150000,28.170000,28.020000,28.080000,23.948195,6100
2011-02-03,28.250000,28.400000,28.250000,28.400000,24.221113,2700
2011-02-04,28.379999,28.530001,28.379999,28.490000,24.297863,3400
2011-02-07,28.420000,28.629999,28.420000,28.510000,24.314924,5800
2011-02-08,28.430000,28.650000,28.430000,28.650000,24.434320,3000
2011-02-09,28.670000,28.670000,28.580000,28.580000,24.374619,1400
2011-02-10,28.610001,28.610001,28.490000,28.500000,24.306395,4600
2011-02-11,28.459999,28.790001,28.459999,28.780001,24.545189,7100
2011-02-14,28.680000,28.750000,28.680000,28.709999,24.485493,4700
2011-02-15,28.629999,28.730000,28.620001,28.730000,24.502552,3400
2011-02-16,28.540001,28.879999,28.540001,28.860001,24.613428,6000
2011-02-17,28.719999,29.170000,28.719999,29.139999,24.852213,6600
2011-02-18,29.230000,29.290001,29.230000,29.290001,24.980152,3500
2011-02-22,28.969999,29.280001,28.469999,29.010000,24.741354,1700
2011-02-23,28.980000,28.980000,28.809999,28.889999,24.639006,3200
2011-02-24,28.709999,28.820000,28.700001,28.780001,24.545189,1200
2011-02-25,28.700001,29.110001,28.700001,29.110001,24.826635,5200
2011-02-28,29.230000,29.260000,29.139999,29.170000,24.877806,2900
2011-03-01,29.020000,29.370001,28.850000,28.850000,24.604891,1300
2011-03-02,28.620001,28.969999,28.620001,28.969999,24.707232,2400
2011-03-03,29.260000,29.350000,29.150000,29.270000,24.963093,2800
2011-03-04,29.040001,29.299999,29.040001,29.150000,24.860746,10900
2011-03-07,29.040001,29.250000,28.870001,28.870001,24.621950,5200
2011-03-08,28.820000,29.270000,28.820000,29.260000,24.954563,2300
2011-03-09,29.230000,29.430000,29.230000,29.400000,25.073965,2800
2011-03-10,29.299999,29.299999,29.059999,29.120001,24.835171,4100
2011-03-11,28.950001,29.150000,28.950001,29.150000,24.860746,2800
2011-03-14,28.980000,29.000000,28.790001,28.820000,24.579311,1300
2011-03-15,28.059999,28.700001,27.610001,28.700001,24.476973,4100
2011-03-16,28.510000,28.590000,28.320000,28.370001,24.195520,4100
2011-03-17,28.549999,28.570000,26.990000,28.459999,24.272280,4500
2011-03-18,28.750000,28.750000,28.750000,28.750000,24.571413,100
2011-03-21,29.100000,29.180000,29.100000,29.160000,24.921822,1700
2011-03-22,29.040001,29.160000,29.040001,29.120001,24.887640,2500
2011-03-23,29.139999,29.139999,28.980000,29.120001,24.887640,1700
2011-03-24,29.420000,29.440001,29.420000,29.430000,25.152575,1600
2011-03-25,29.450001,29.660000,29.450001,29.660000,25.349148,5400
2011-03-28,29.570000,29.670000,29.570000,29.610001,25.306414,2100
2011-03-29,29.580000,29.690001,29.580000,29.690001,25.374792,700
2011-03-30,29.750000,29.950001,29.650000,29.950001,25.597000,7100
2011-03-31,29.889999,29.959999,29.889999,29.910000,25.562817,1300
2011-04-01,30.150000,30.160000,30.040001,30.100000,25.725199,5800
2011-04-04,30.219999,30.219999,30.110001,30.160000,25.776472,4900
2011-04-05,30.219999,30.410000,30.219999,30.379999,25.964499,5400
2011-04-06,30.370001,30.450001,30.320000,30.450001,26.024332,800
2011-04-07,30.430000,30.430000,30.309999,30.330000,25.921759,4300
2011-04-08,30.290001,30.340000,30.200001,30.200001,25.810656,3800
2011-04-11,30.280001,30.400000,30.260000,30.260000,25.861940,2100
2011-04-12,30.059999,30.360001,30.049999,30.309999,25.904676,4200
2011-04-13,30.410000,30.410000,30.180000,30.290001,25.887587,3000
2011-04-14,30.290001,30.500000,30.290001,30.469999,26.041418,1100
2011-04-15,30.709999,30.709999,30.309999,30.600000,26.152523,3100
2011-04-18,30.219999,30.320000,30.219999,30.299999,25.896130,1500
2011-04-19,30.299999,30.430000,30.230000,30.430000,26.007240,3000
2011-04-20,30.760000,30.760000,30.660000,30.670000,26.212355,2000
2011-04-21,30.879999,30.879999,30.650000,30.700001,26.237991,3700
2011-04-25,30.730000,30.730000,30.490000,30.620001,26.169619,1600
2011-04-26,30.740000,30.990000,30.639999,30.920000,26.426018,16700
2011-04-27,31.000000,31.190001,30.969999,31.190001,26.656767,1100
2011-04-28,31.120001,31.120001,31.120001,31.120001,26.596949,500
2011-04-29,31.360001,31.430000,31.340000,31.400000,26.836252,7100
2011-05-02,31.379999,31.379999,31.180000,31.209999,26.673862,6700
2011-05-03,31.290001,31.290001,31.250000,31.250000,26.708052,300
2011-05-04,31.280001,31.280001,31.190001,31.200001,26.665321,3000
2011-05-05,30.920000,31.230000,30.920000,30.990000,26.485842,3800
2011-05-06,31.250000,31.330000,31.170000,31.170000,26.639685,1200
2011-05-09,31.180000,31.299999,31.150000,31.299999,26.750788,5200
2011-05-10,31.400000,31.459999,31.379999,31.459999,26.887533,1100
2011-05-11,31.570000,31.570000,31.299999,31.389999,26.827705,8300
2011-05-12,31.670000,31.780001,31.660000,31.780001,27.161020,2600
2011-05-13,31.879999,31.879999,31.719999,31.790001,27.169569,8200
2011-05-16,31.700001,31.790001,31.680000,31.790001,27.169569,2700
2011-05-17,31.690001,31.780001,31.610001,31.719999,27.109747,23000
2011-05-18,31.760000,31.900000,31.639999,31.900000,27.263586,5700
2011-05-19,31.940001,32.060001,31.879999,32.049999,27.391783,5300
2011-05-20,31.770000,31.990000,31.740000,31.860001,27.229397,4400
2011-05-23,31.530001,31.719999,31.530001,31.709999,27.101194,2800
2011-05-24,31.709999,31.709999,31.549999,31.570000,26.981541,5500
2011-05-25,31.299999,31.540001,31.260000,31.520000,26.938807,4000
2011-05-26,31.400000,31.680000,31.370001,31.680000,27.075556,4600
2011-05-27,31.840000,31.980000,31.840000,31.860001,27.229397,2300
2011-05-31,32.150002,32.169998,31.950001,32.150002,27.477245,2600
2011-06-01,31.959999,31.959999,31.920000,31.920000,27.280678,2500
2011-06-02,31.650000,31.690001,31.219999,31.330000,26.776423,5400
2011-06-03,31.129999,31.129999,30.959999,31.000000,26.494387,2800
2011-06-06,30.820000,30.840000,30.700001,30.700001,26.237991,2000
2011-06-07,30.809999,30.860001,30.750000,30.750000,26.280722,500
2011-06-08,30.500000,30.580000,30.450001,30.580000,26.135429,1300
2011-06-09,30.660000,30.830000,30.549999,30.770000,26.297821,4000
2011-06-10,30.770000,30.770000,30.770000,30.770000,26.297821,0
2011-06-13,30.379999,30.610001,30.379999,30.510000,26.075611,9300
2011-06-14,30.639999,31.030001,30.639999,31.000000,26.494387,5600
2011-06-15,30.750000,30.830000,30.459999,30.459999,26.032875,2500
2011-06-16,30.490000,30.780001,30.490000,30.590000,26.143974,6200
2011-06-17,30.879999,30.879999,30.760000,30.840000,26.468397,1000
2011-06-20,30.840000,31.040001,30.840000,31.010000,26.614298,2800
2011-06-21,31.299999,31.360001,31.299999,31.360001,26.914684,300
2011-06-22,31.250000,31.260000,31.250000,31.260000,26.828863,300
2011-06-23,30.549999,30.750000,30.549999,30.750000,26.391153,500
2011-06-24,31.059999,31.090000,30.820000,30.879999,26.502728,3400
2011-06-27,30.900000,31.129999,30.900000,31.080000,26.674374,5800
2011-06-28,31.100000,31.389999,31.100000,31.389999,26.940435,3500
2011-06-29,31.459999,31.559999,31.459999,31.540001,27.069170,2400
2011-06-30,31.700001,31.719999,31.610001,31.700001,27.206495,17300
2011-07-01,31.740000,32.040001,31.690001,32.040001,27.498295,1400
2011-07-05,31.920000,32.029999,31.920000,31.950001,27.421061,2500
2011-07-06,32.040001,32.139999,31.910000,32.119999,27.566954,17400
2011-07-07,32.320000,32.480000,32.320000,32.439999,27.841593,7800
2011-07-08,32.200001,32.200001,32.049999,32.160000,27.601280,4800
2011-07-11,32.070000,32.070000,31.840000,31.870001,27.352394,1900
2011-07-12,32.080002,32.080002,32.040001,32.040001,27.498295,800
2011-07-13,32.169998,32.189999,31.969999,31.969999,27.438215,2400
2011-07-14,31.959999,32.110001,31.900000,31.900000,27.378145,1500
2011-07-15,31.910000,31.910000,31.709999,31.799999,27.292313,1600
2011-07-18,31.620001,31.620001,31.450001,31.600000,27.120661,1500
2011-07-19,31.959999,32.200001,31.959999,32.200001,27.635618,1500
2011-07-20,32.279999,32.279999,32.040001,32.180000,27.618444,2800
2011-07-21,32.430000,32.459999,32.369999,32.369999,27.781513,2800
2011-07-22,32.279999,32.279999,32.230000,32.230000,27.661364,1600
2011-07-25,32.119999,32.119999,31.920000,31.920000,27.395309,1700
2011-07-26,31.889999,31.940001,31.820000,31.820000,27.309475,1700
2011-07-27,31.350000,31.410000,31.150000,31.160000,26.743034,4700
2011-07-28,31.150000,31.280001,31.150000,31.180000,26.760199,500
2011-07-29,30.760000,31.160000,30.590000,31.000000,26.605719,3800
2011-08-01,31.200001,31.200001,30.660000,30.840000,26.468397,4900
2011-08-02,30.620001,30.820000,30.240000,30.240000,25.953449,2400
2011-08-03,30.020000,30.520000,29.889999,30.520000,26.193758,10700
2011-08-04,30.150000,30.150000,29.230000,29.230000,25.086622,8600
2011-08-05,29.879999,29.879999,28.900000,29.530001,25.344091,107500
2011-08-08,28.440001,29.090000,27.940001,27.959999,23.996643,14300
2011-08-09,27.840000,28.379999,27.110001,28.379999,24.357101,26100
2011-08-10,27.889999,28.309999,27.889999,28.040001,24.065296,10200
2011-08-11,27.790001,28.980000,27.790001,28.799999,24.717573,16100
2011-08-12,28.860001,29.000000,28.629999,28.840000,24.751900,1900
2011-08-15,29.049999,29.379999,29.000000,29.379999,25.215357,2900
2011-08-16,29.270000,29.400000,28.940001,29.240000,25.095201,46300
2011-08-17,29.570000,29.570000,29.459999,29.459999,25.284018,500
2011-08-18,28.549999,28.860001,28.400000,28.440001,24.408600,3100
2011-08-19,28.469999,28.860001,28.209999,28.290001,24.279867,5000
2011-08-22,28.770000,28.770000,28.290001,28.320000,24.305609,900
2011-08-23,28.580000,29.070000,28.580000,29.070000,24.949295,1300
2011-08-24,29.280001,29.309999,29.030001,29.190001,25.052288,1700
2011-08-25,29.059999,29.299999,28.730000,28.730000,24.657499,1700
2011-08-26,28.950001,29.120001,28.379999,28.959999,24.854889,2500
2011-08-29,29.540001,29.980000,29.540001,29.959999,25.713135,1600
2011-08-30,30.170000,30.219999,29.650000,30.219999,25.936281,800
2011-08-31,30.219999,30.219999,30.219999,30.219999,25.936281,0
2011-09-01,30.270000,30.270000,30.000000,30.000000,25.747467,300
2011-09-02,29.590000,29.590000,29.340000,29.340000,25.181023,4000
2011-09-06,28.530001,29.170000,28.530001,29.170000,25.035122,2800
2011-09-07,29.840000,29.940001,29.840000,29.940001,25.695971,500
2011-09-08,29.900000,30.090000,29.850000,29.850000,25.618738,1100
2011-09-09,29.400000,29.400000,29.070000,29.070000,24.949295,200
2011-09-12,29.090000,29.230000,28.850000,29.230000,25.086622,9100
2011-09-13,29.250000,29.520000,29.240000,29.360001,25.198198,1000
2011-09-14,29.580000,29.660000,29.350000,29.660000,25.455666,1000
2011-09-15,29.799999,29.969999,29.799999,29.969999,25.721724,1000
2011-09-16,30.120001,30.200001,30.090000,30.200001,26.005896,1000
2011-09-19,29.680000,30.049999,29.680000,30.049999,25.876722,300
2011-09-20,29.930000,30.320000,29.930000,30.120001,25.937008,2300
2011-09-21,29.620001,29.620001,29.620001,29.620001,25.506437,100
2011-09-22,28.299999,28.600000,28.270000,28.450001,24.498930,4300
2011-09-23,28.309999,28.670000,28.309999,28.540001,24.576426,2100
2011-09-26,28.870001,28.870001,28.780001,28.780001,24.783098,1100
2011-09-27,29.629999,29.740000,29.330000,29.410000,25.325602,2600
2011-09-28,29.309999,29.309999,28.750000,28.750000,24.757267,1900
2011-09-29,29.100000,29.100000,29.100000,29.100000,25.058664,100
2011-09-30,28.889999,29.020000,28.750000,28.809999,24.808926,9600
2011-10-03,28.400000,28.549999,27.889999,27.900000,24.025305,8500
2011-10-04,27.219999,28.400000,27.219999,28.400000,24.455872,2700
2011-10-05,28.459999,28.459999,28.250000,28.459999,24.507536,1700
2011-10-06,28.389999,28.950001,28.389999,28.950001,24.929485,2800
2011-10-07,29.100000,29.209999,28.860001,29.180000,25.127552,2300
2011-10-10,29.410000,29.459999,29.389999,29.440001,25.351437,1300
2011-10-11,29.389999,29.549999,29.389999,29.510000,25.411716,2800
2011-10-12,29.860001,29.959999,29.860001,29.959999,25.799221,3500
2011-10-13,29.610001,29.629999,29.610001,29.629999,25.515053,1400
2011-10-14,30.030001,30.030001,29.860001,30.000000,25.833670,3000
2011-10-17,29.930000,29.930000,29.629999,29.629999,25.515053,3400
2011-10-18,29.580000,29.910000,29.500000,29.910000,25.756166,1500
2011-10-19,29.889999,30.030001,29.719999,29.719999,25.592546,2700
2011-10-20,29.719999,29.889999,29.510000,29.770000,25.635609,6600
2011-10-21,30.200001,30.299999,30.180000,30.180000,25.988674,700
2011-10-24,30.490000,30.500000,30.490000,30.500000,26.264227,400
2011-10-25,30.180000,30.180000,29.809999,29.809999,25.670052,7300
2011-10-26,30.190001,30.280001,29.610001,30.200001,26.005896,68500
2011-10-27,30.950001,31.160000,30.709999,30.990000,26.686174,4800
2011-10-28,31.440001,31.440001,30.889999,30.920000,26.625893,4300
2011-10-31,30.670000,30.910000,30.670000,30.910000,26.617289,1000
2011-11-01,29.660000,30.000000,29.660000,29.850000,25.704500,2400
2011-11-02,30.059999,30.059999,29.900000,29.950001,25.790611,1700
2011-11-03,30.180000,30.629999,30.180000,30.610001,26.358953,1500
2011-11-04,30.400000,30.490000,30.240000,30.389999,26.169498,1100
2011-11-07,30.350000,30.570000,30.150000,30.549999,26.307280,3200
2011-11-08,30.670000,30.889999,30.520000,30.879999,26.591459,1200
2011-11-09,30.180000,30.320000,30.000000,30.129999,25.945610,5300
2011-11-10,30.430000,30.430000,29.990000,30.180000,25.988674,1800
2011-11-11,30.510000,30.639999,30.510000,30.639999,26.384783,1700
2011-11-14,30.320000,30.320000,30.320000,30.320000,26.109221,200
2011-11-15,30.320000,30.760000,30.320000,30.740000,26.470901,3400
2011-11-16,30.490000,30.809999,30.370001,30.370001,26.152285,6700
2011-11-17,30.420000,30.420000,30.049999,30.049999,25.876722,1100
2011-11-18,30.139999,30.160000,30.040001,30.040001,25.868113,4600
2011-11-21,29.690001,29.690001,29.400000,29.620001,25.506437,18800
2011-11-22,29.660000,29.660000,29.400000,29.490000,25.394491,2300
2011-11-23,29.000000,29.110001,28.940001,29.030001,24.998379,4700
2011-11-25,29.020000,29.020000,29.020000,29.020000,24.989769,200
2011-11-28,29.430000,29.510000,29.340000,29.440001,25.351437,4200
2011-11-29,29.690001,29.740000,29.570000,29.570000,25.463379,4400
2011-11-30,30.230000,30.389999,30.170000,30.389999,26.169498,44600
2011-12-01,30.440001,30.440001,30.410000,30.410000,26.186728,900
2011-12-02,30.480000,30.480000,30.290001,30.290001,26.083397,3100
2011-12-05,30.580000,30.639999,30.420000,30.480000,26.247000,7400
2011-12-06,30.490000,30.590000,30.480000,30.590000,26.341728,4000
2011-12-07,30.440001,30.440001,30.280001,30.379999,26.160894,3400
2011-12-08,30.330000,30.350000,30.129999,30.190001,25.997282,49800
2011-12-09,30.379999,30.750000,30.250000,30.730000,26.462282,3400
2011-12-12,30.370001,30.379999,30.209999,30.209999,26.014496,1800
2011-12-13,30.379999,30.420000,30.379999,30.420000,26.195345,800
2011-12-14,30.059999,30.080000,29.889999,29.910000,25.756166,1400
2011-12-15,30.150000,30.219999,30.139999,30.160000,25.971445,2300
2011-12-16,30.200001,30.260000,29.980000,30.000000,25.981838,3000
2011-12-19,30.320000,30.500000,30.090000,30.129999,26.094429,2700
2011-12-20,30.590000,30.690001,30.590000,30.690001,26.579422,2600
2011-12-21,30.830000,31.090000,30.780001,31.090000,26.925852,3700
2011-12-22,31.030001,31.030001,30.900000,30.920000,26.778614,1800
2011-12-23,30.969999,31.129999,30.969999,31.120001,26.951832,2300
2011-12-27,31.219999,31.250000,31.219999,31.250000,27.064413,500
2011-12-28,31.129999,31.129999,30.980000,30.980000,26.830582,1000
2011-12-29,31.170000,31.280001,31.120001,31.280001,27.090397,6900
2011-12-30,31.250000,31.250000,31.120001,31.120001,26.951832,1900
2012-01-03,31.520000,31.520000,31.059999,31.059999,26.899864,2200
2012-01-04,31.049999,31.049999,30.860001,30.860001,26.726652,3100
2012-01-05,30.799999,30.950001,30.799999,30.950001,26.804596,1100
2012-01-06,30.870001,30.870001,30.709999,30.780001,26.657368,4400
2012-01-09,30.980000,30.980000,30.690001,30.820000,26.692009,57200
2012-01-10,30.940001,30.940001,30.830000,30.840000,26.709335,1100
2012-01-11,30.860001,30.860001,30.709999,30.709999,26.596743,1500
2012-01-12,30.809999,30.889999,30.760000,30.850000,26.717989,1800
2012-01-13,30.629999,30.790001,30.629999,30.709999,26.596743,4600
2012-01-17,31.090000,31.090000,30.940001,30.980000,26.830582,5100
2012-01-18,30.980000,31.240000,30.980000,31.139999,26.969156,4400
2012-01-19,31.110001,31.260000,31.110001,31.209999,27.029776,2100
2012-01-20,31.180000,31.270000,31.129999,31.230000,27.047094,1500
2012-01-23,31.129999,31.250000,31.000000,31.250000,27.064413,9400
2012-01-24,31.200001,31.200001,31.200001,31.200001,27.021112,500
2012-01-25,31.200001,31.580000,31.200001,31.580000,27.350220,1500
2012-01-26,31.639999,31.639999,31.370001,31.370001,27.168343,3100
2012-01-27,31.350000,31.350000,31.320000,31.320000,27.125038,1500
2012-01-30,31.250000,31.250000,31.080000,31.139999,26.969156,1600
2012-01-31,31.080000,31.139999,31.010000,31.080000,26.917189,1900
2012-02-01,31.299999,31.420000,31.299999,31.420000,27.211649,3200
2012-02-02,31.549999,31.610001,31.459999,31.610001,27.376194,2300
2012-02-03,31.799999,31.850000,31.740000,31.740000,27.488789,2400
2012-02-06,31.910000,31.910000,31.660000,31.690001,27.445482,1900
2012-02-07,32.009998,32.009998,31.730000,31.770000,27.514767,4200
2012-02-08,31.690001,31.799999,31.570000,31.700001,27.454144,80200
2012-02-09,31.510000,31.709999,31.510000,31.709999,27.462799,1900
2012-02-10,31.480000,31.540001,31.480000,31.540001,27.315575,500
2012-02-13,31.430000,31.700001,31.430000,31.650000,27.410843,4900
2012-02-14,31.510000,31.660000,31.510000,31.650000,27.410843,2900
2012-02-15,31.790001,31.790001,31.570000,31.570000,27.341555,500
2012-02-16,31.870001,31.920000,31.870001,31.920000,27.644678,1800
2012-02-17,31.959999,31.990000,31.959999,31.980000,27.696638,2200
2012-02-21,31.950001,32.060001,31.889999,31.910000,27.636015,3000
2012-02-22,31.889999,31.889999,31.770000,31.840000,27.575392,1500
2012-02-23,31.959999,32.099998,31.959999,32.099998,27.800570,900
2012-02-24,32.150002,32.150002,32.049999,32.090000,27.791904,1500
2012-02-27,31.830000,32.080002,31.830000,32.049999,27.757267,1300
2012-02-28,31.900000,32.029999,31.900000,31.940001,27.662006,2600
2012-02-29,32.080002,32.119999,31.959999,32.000000,27.713957,1500
2012-03-01,31.950001,32.090000,31.940001,31.940001,27.662006,2400
2012-03-02,32.020000,32.020000,31.820000,31.840000,27.575392,1400
2012-03-05,31.840000,31.920000,31.770000,31.900000,27.627354,1500
2012-03-06,31.740000,31.760000,31.580000,31.600000,27.367537,5100
2012-03-07,31.860001,31.860001,31.600000,31.770000,27.514767,17000
2012-03-08,31.900000,32.080002,31.900000,32.080002,27.783247,1600
2012-03-09,31.920000,32.209999,31.920000,32.209999,27.895838,3300
2012-03-12,32.330002,32.349998,32.299999,32.299999,27.973778,1600
2012-03-13,32.500000,32.500000,32.389999,32.500000,28.146986,1900
2012-03-14,32.660000,32.660000,32.500000,32.500000,28.146986,3400
2012-03-15,32.459999,32.639999,32.459999,32.639999,28.268236,1900
2012-03-16,32.639999,32.639999,32.639999,32.639999,28.311602,0
2012-03-19,32.279999,32.630001,32.279999,32.619999,28.294264,1600
2012-03-20,32.400002,32.500000,32.400002,32.500000,28.190172,3200
2012-03-21,32.230000,32.480000,32.230000,32.480000,28.172825,1000
2012-03-22,32.230000,32.310001,32.230000,32.290001,28.008024,2500
2012-03-23,32.240002,32.240002,32.240002,32.240002,27.964655,200
2012-03-26,32.770000,32.799999,32.700001,32.790001,28.441719,3200
2012-03-27,32.630001,32.790001,32.630001,32.790001,28.441719,400
2012-03-28,32.740002,32.750000,32.549999,32.560001,28.242222,1900
2012-03-29,32.330002,32.610001,32.330002,32.610001,28.285583,7000
2012-03-30,32.410000,32.779999,32.410000,32.680000,28.346306,5800
2012-04-02,32.799999,32.950001,32.799999,32.950001,28.580503,3600
2012-04-03,32.750000,32.900002,32.660000,32.709999,28.372322,4000
2012-04-04,32.610001,32.610001,32.480000,32.480000,28.172825,400
2012-04-05,32.400002,32.450001,32.349998,32.410000,28.112110,2100
2012-04-09,32.070000,32.189999,32.070000,32.189999,27.921282,1100
2012-04-10,32.080002,32.080002,31.879999,31.910000,27.678419,1000
2012-04-11,32.070000,32.110001,32.020000,32.049999,27.799858,3200
2012-04-12,32.099998,32.099998,32.060001,32.060001,27.808527,700
2012-04-13,31.990000,32.320000,31.990000,32.310001,28.025370,2800
2012-04-16,32.290001,32.369999,32.139999,32.369999,28.077412,3400
2012-04-17,32.430000,32.680000,32.430000,32.660000,28.328960,2700
2012-04-18,32.509998,32.560001,32.459999,32.549999,28.233540,1700
2012-04-19,32.599998,32.599998,32.480000,32.480000,28.172825,1300
2012-04-20,32.680000,32.720001,32.660000,32.709999,28.372322,1400
2012-04-23,32.150002,32.259998,32.049999,32.259998,27.982000,1200
2012-04-24,32.150002,32.360001,32.139999,32.160000,27.895260,6100
2012-04-25,32.450001,32.509998,32.430000,32.439999,28.138130,1600
2012-04-26,32.439999,32.660000,32.439999,32.660000,28.328960,2700
2012-04-27,32.650002,32.709999,32.650002,32.709999,28.372322,500
2012-04-30,32.709999,32.709999,32.709999,32.709999,28.372322,0
2012-05-01,32.590000,32.900002,32.590000,32.660000,28.328960,3700
2012-05-02,32.470001,32.570000,32.430000,32.529999,28.216190,7000
2012-05-03,32.439999,32.439999,32.299999,32.349998,28.060066,4900
2012-05-04,32.349998,32.349998,32.349998,32.349998,28.060066,0
2012-05-07,31.850000,32.180000,31.850000,32.150002,27.886585,1600
2012-05-08,31.990000,32.060001,31.990000,32.060001,27.808527,600
2012-05-09,31.870001,32.209999,31.870001,32.209999,27.938633,4100
2012-05-10,32.459999,32.500000,32.389999,32.400002,28.103436,5100
2012-05-11,32.040001,32.360001,32.040001,32.360001,28.068741,900
2012-05-14,31.990000,32.150002,31.980000,32.150002,27.886585,2100
2012-05-15,32.070000,32.150002,31.959999,31.959999,27.721781,2200
2012-05-16,31.940001,32.150002,31.940001,32.110001,27.851891,2500
2012-05-17,32.009998,32.040001,31.740000,31.740000,27.530962,1300
2012-05-18,31.740000,31.740000,31.530001,31.570000,27.383495,12700
2012-05-21,31.469999,31.620001,31.379999,31.610001,27.418194,3000
2012-05-22,31.510000,31.879999,31.510000,31.770000,27.556980,900
2012-05-23,31.309999,31.469999,31.299999,31.360001,27.201355,3100
2012-05-24,31.719999,31.719999,31.559999,31.700001,27.496264,6200
2012-05-25,31.650000,31.910000,31.650000,31.910000,27.678419,600
2012-05-29,32.090000,32.090000,31.860001,32.020000,27.773821,3500
2012-05-30,31.870001,31.879999,31.809999,31.840000,27.617697,1900
2012-05-31,31.620001,31.719999,31.600000,31.719999,27.513611,900
2012-06-01,31.320000,31.320000,31.110001,31.110001,26.984501,1300
2012-06-04,30.980000,31.110001,30.930000,31.080000,26.958479,1000
2012-06-05,31.129999,31.190001,31.120001,31.120001,26.993179,2500
2012-06-06,31.620001,31.620001,31.620001,31.620001,27.426874,300
2012-06-07,31.940001,31.990000,31.850000,31.900000,27.669739,2000
2012-06-08,31.870001,31.920000,31.840000,31.920000,27.687084,600
2012-06-11,31.959999,31.959999,31.889999,31.920000,27.687084,1500
2012-06-12,31.860001,31.860001,31.740000,31.740000,27.530962,200
2012-06-13,31.870001,31.870001,31.620001,31.620001,27.426874,2300
2012-06-14,31.930000,32.080002,31.879999,32.000000,27.756479,48800
2012-06-15,31.990000,32.040001,31.950001,32.029999,27.927374,2400
2012-06-18,32.150002,32.160000,32.119999,32.119999,28.005842,600
2012-06-19,32.130001,32.439999,32.130001,32.439999,28.284861,1500
2012-06-20,31.889999,32.240002,31.889999,32.160000,28.040722,1800
2012-06-21,32.160000,32.160000,32.160000,32.160000,28.040722,0
2012-06-22,31.920000,31.920000,31.760000,31.900000,27.814028,1900
2012-06-25,31.650000,31.740000,31.620001,31.740000,27.674522,2500
2012-06-26,31.799999,31.879999,31.799999,31.879999,27.796589,800
2012-06-27,31.900000,31.980000,31.889999,31.980000,27.883780,1100
2012-06-28,32.150002,32.150002,31.610001,31.950001,27.857620,2500
2012-06-29,33.360001,33.360001,32.740002,32.759998,28.563869,700
2012-07-02,33.450001,33.450001,32.680000,33.139999,28.895191,11800
2012-07-03,33.070000,33.220001,33.070000,33.220001,28.964954,4200
2012-07-05,33.220001,33.220001,33.220001,33.220001,28.964954,200
2012-07-06,33.169998,33.169998,32.980000,33.009998,28.781851,600
2012-07-09,32.860001,32.919998,32.750000,32.849998,28.642338,2300
2012-07-10,33.000000,33.000000,32.820000,32.889999,28.677217,1800
2012-07-11,32.889999,32.889999,32.889999,32.889999,28.677217,0
2012-07-12,32.369999,32.639999,32.369999,32.639999,28.459242,3200
2012-07-13,32.720001,32.919998,32.720001,32.880001,28.668497,2000
2012-07-16,32.849998,32.849998,32.709999,32.709999,28.520273,400
2012-07-17,32.669998,32.669998,32.669998,32.669998,28.485401,400
2012-07-18,32.799999,32.849998,32.799999,32.810001,28.607477,1000
2012-07-19,32.900002,32.900002,32.700001,32.730000,28.537710,900
2012-07-20,32.730000,32.730000,32.730000,32.730000,28.537710,0
2012-07-23,32.040001,32.040001,31.969999,32.040001,27.936102,800
2012-07-24,31.780001,31.780001,31.780001,31.780001,27.709404,200
2012-07-25,31.840000,31.850000,31.719999,31.790001,27.718113,1000
2012-07-26,32.360001,32.439999,32.279999,32.439999,28.284861,2500
2012-07-27,32.860001,32.990002,32.820000,32.990002,28.764408,3200
2012-07-30,32.959999,32.959999,32.959999,32.959999,28.738247,200
2012-07-31,32.939999,32.939999,32.910000,32.910000,28.694654,1300
2012-08-01,33.189999,33.189999,28.879999,32.689999,28.502840,4500
2012-08-02,32.500000,32.500000,32.259998,32.330002,28.188953,47300
2012-08-03,32.840000,32.930000,32.779999,32.799999,28.598749,1900
2012-08-06,32.980000,32.990002,32.889999,32.889999,28.677217,2000
2012-08-07,32.700001,32.720001,32.689999,32.720001,28.529001,1300
2012-08-08,32.139999,32.939999,28.709999,32.939999,28.720816,4800
2012-08-09,32.790001,33.000000,32.790001,32.869999,28.659782,3200
2012-08-10,32.759998,32.810001,32.759998,32.810001,28.607477,200
2012-08-13,32.900002,32.900002,32.700001,32.700001,28.511560,500
2012-08-14,32.910000,33.020000,32.910000,32.959999,28.738247,1800
2012-08-15,33.150002,33.150002,33.080002,33.080002,28.842882,900
2012-08-16,32.990002,33.240002,32.990002,33.209999,28.956236,1300
2012-08-17,33.220001,33.259998,33.160000,33.259998,28.999826,2100
2012-08-20,33.250000,33.250000,33.230000,33.230000,28.973669,1000
2012-08-21,33.430000,33.450001,33.230000,33.230000,28.973669,1700
2012-08-22,33.060001,33.160000,33.060001,33.160000,28.912632,300
2012-08-23,32.990002,32.990002,32.950001,32.959999,28.738247,1300
2012-08-24,33.040001,33.279999,33.040001,33.279999,29.017271,1500
2012-08-27,33.099998,33.290001,33.099998,33.189999,28.938789,1000
2012-08-28,33.189999,33.189999,33.189999,33.189999,28.938789,0
2012-08-29,33.430000,33.459999,33.419998,33.419998,29.139332,1300
2012-08-30,33.220001,33.220001,33.220001,33.220001,28.964954,200
2012-08-31,33.220001,33.400002,33.200001,33.250000,28.991108,1100
2012-09-04,33.330002,33.470001,33.180000,33.470001,29.182926,2800
2012-09-05,33.570000,33.590000,33.570000,33.590000,29.287558,500
2012-09-06,33.610001,33.610001,33.610001,33.610001,29.304996,100
2012-09-07,33.779999,33.790001,33.580002,33.580002,29.278835,1300
2012-09-10,33.470001,33.560001,33.470001,33.470001,29.182926,1500
2012-09-11,33.490002,33.509998,33.439999,33.439999,29.156769,1400
2012-09-12,33.369999,33.369999,33.320000,33.320000,29.052141,1200
2012-09-13,33.349998,33.860001,33.349998,33.860001,29.522982,800
2012-09-14,33.759998,33.759998,33.520000,33.529999,29.235245,1400
2012-09-17,33.520000,33.549999,33.500000,33.500000,29.209084,900
2012-09-18,33.380001,33.799999,33.380001,33.759998,29.435774,1800
2012-09-19,33.779999,33.950001,33.779999,33.950001,29.601442,500
2012-09-20,34.139999,34.139999,34.020000,34.020000,29.662487,1600
2012-09-21,34.090000,34.090000,33.869999,33.869999,29.651970,600
2012-09-24,33.759998,33.990002,33.680000,33.950001,29.722017,4900
2012-09-25,34.049999,34.080002,33.660000,33.660000,29.468128,1500
2012-09-26,33.660000,33.660000,33.509998,33.509998,29.336811,1400
2012-09-27,33.570000,33.830002,33.570000,33.720001,29.520664,1800
2012-09-28,33.529999,33.700001,33.529999,33.700001,29.503147,600
2012-10-01,33.950001,33.959999,33.750000,33.750000,29.546921,7600
2012-10-02,33.779999,33.860001,33.779999,33.860001,29.643227,300
2012-10-03,33.959999,33.959999,33.790001,33.880001,29.660732,700
2012-10-04,33.900002,34.020000,33.900002,34.020000,29.783304,1400
2012-10-05,34.169998,34.209999,33.950001,34.209999,29.949636,800
2012-10-08,33.959999,33.959999,33.919998,33.919998,29.695747,400
2012-10-09,33.910000,33.910000,33.639999,33.669998,29.476883,4300
2012-10-10,33.540001,33.610001,33.529999,33.549999,29.371828,1500
2012-10-11,33.610001,33.610001,33.529999,33.529999,29.354321,500
2012-10-12,33.560001,33.560001,33.380001,33.380001,29.223005,300
2012-10-15,33.520000,33.520000,33.520000,33.520000,29.345562,300
2012-10-16,33.650002,33.689999,33.650002,33.669998,29.476883,1900
2012-10-17,33.869999,33.900002,33.869999,33.900002,29.678255,300
2012-10-18,33.910000,33.950001,33.860001,33.900002,29.678255,4500
2012-10-19,33.669998,33.669998,33.410000,33.419998,29.258017,700
2012-10-22,33.290001,33.290001,33.259998,33.279999,29.135454,1100
2012-10-23,32.980000,33.049999,32.980000,33.009998,28.899076,500
2012-10-24,33.029999,33.029999,33.009998,33.009998,28.899076,1000
2012-10-25,32.919998,32.990002,32.869999,32.990002,28.881577,500
2012-10-26,32.830002,32.830002,32.830002,32.830002,28.741499,400
2012-10-31,33.400002,33.410000,33.160000,33.160000,29.030396,3200
2012-11-01,33.410000,33.520000,33.410000,33.509998,29.336811,700
2012-11-02,33.680000,33.680000,33.520000,33.520000,29.345562,3700
2012-11-05,33.230000,33.290001,33.230000,33.290001,29.144213,700
2012-11-06,33.459999,33.660000,33.459999,33.619999,29.433111,2200
2012-11-07,33.160000,33.160000,32.970001,33.080002,28.960356,5300
2012-11-08,33.110001,33.150002,32.880001,32.880001,28.785263,3400
2012-11-09,33.000000,33.130001,32.849998,33.099998,28.977875,2000
2012-11-12,33.090000,33.090000,32.980000,33.029999,28.916584,900
2012-11-13,33.220001,33.220001,33.169998,33.189999,29.056660,1400
2012-11-14,33.040001,33.040001,32.820000,32.820000,28.732738,2100
2012-11-15,32.529999,32.610001,32.439999,32.590000,28.531389,25200
2012-11-16,32.779999,33.009998,32.660000,33.000000,28.890326,123200
2012-11-19,33.380001,33.520000,33.369999,33.459999,29.293032,40500
2012-11-20,33.259998,33.459999,33.259998,33.459999,29.293032,3300
2012-11-21,33.540001,33.570000,33.500000,33.500000,29.328054,1100
2012-11-23,33.880001,33.959999,33.840000,33.959999,29.730772,1900
2012-11-26,33.810001,33.810001,33.689999,33.790001,29.581934,700
2012-11-27,33.790001,33.790001,33.790001,33.790001,29.581934,0
2012-11-28,33.700001,33.990002,33.700001,33.990002,29.757036,1100
2012-11-29,34.230000,34.240002,34.189999,34.189999,29.932123,2100
2012-11-30,34.189999,34.189999,34.189999,34.189999,29.932123,0
2012-12-03,34.290001,34.400002,34.290001,34.360001,30.080956,17400
2012-12-04,34.450001,34.450001,34.240002,34.290001,30.019667,1500
2012-12-05,34.209999,34.520000,34.209999,34.330002,30.054697,2200
2012-12-06,34.509998,34.509998,34.360001,34.360001,30.080956,600
2012-12-07,34.509998,34.520000,34.410000,34.520000,30.221029,1000
2012-12-10,34.369999,34.500000,34.369999,34.439999,30.150990,2400
2012-12-11,34.410000,34.740002,34.410000,34.700001,30.378609,1700
2012-12-12,34.639999,34.639999,34.500000,34.520000,30.221029,2000
2012-12-13,34.610001,34.610001,34.299999,34.369999,30.089712,3600
2012-12-14,34.340000,34.340000,34.130001,34.130001,29.879597,2700
2012-12-17,34.380001,34.380001,34.380001,34.380001,30.098467,200
2012-12-18,34.250000,34.630001,34.250000,34.630001,30.317324,3300
2012-12-19,34.560001,34.560001,34.299999,34.299999,30.028423,1400
2012-12-20,34.310001,34.430000,34.299999,34.340000,30.063437,4300
2012-12-21,33.619999,33.799999,33.570000,33.689999,29.799860,2800
2012-12-24,33.560001,33.560001,33.490002,33.490002,29.622952,5600
2012-12-26,33.189999,33.230000,33.150002,33.160000,29.331051,2100
2012-12-27,32.900002,33.060001,32.900002,33.060001,29.242605,400
2012-12-28,32.889999,33.070000,32.889999,33.029999,29.216064,2000
2012-12-31,32.869999,33.220001,32.860001,33.220001,29.384127,24900
2013-01-02,34.009998,34.020000,33.930000,33.990002,30.065216,900
2013-01-03,34.169998,34.189999,34.029999,34.189999,30.242123,10700
2013-01-04,34.169998,34.240002,34.119999,34.139999,30.197895,11700
2013-01-07,34.090000,34.099998,33.939999,33.939999,30.020987,1200
2013-01-08,33.889999,33.919998,33.750000,33.869999,29.959070,4300
2013-01-09,34.020000,34.020000,33.970001,33.970001,30.047520,700
2013-01-10,34.040001,34.049999,34.040001,34.049999,30.118282,2300
2013-01-11,34.119999,34.160000,34.080002,34.130001,30.189053,1700
2013-01-14,34.290001,34.320000,34.290001,34.320000,30.357098,500
2013-01-15,34.430000,34.509998,34.430000,34.509998,30.525164,1100
2013-01-16,34.470001,34.570000,34.470001,34.509998,30.525164,2300
2013-01-17,34.700001,34.919998,34.700001,34.919998,30.887817,2100
2013-01-18,34.930000,35.009998,34.840000,35.009998,30.967432,3300
2013-01-22,35.020000,35.049999,34.970001,35.029999,30.985128,3300
2013-01-23,35.060001,35.060001,35.009998,35.009998,30.967432,1700
2013-01-24,35.130001,35.180000,35.090000,35.130001,31.073580,1600
2013-01-25,35.240002,35.290001,35.189999,35.189999,31.126637,3400
2013-01-28,35.189999,35.349998,35.119999,35.250000,31.179716,3600
2013-01-29,35.410000,35.439999,35.380001,35.439999,31.347794,9500
2013-01-30,35.189999,35.410000,35.189999,35.189999,31.126637,2200
2013-01-31,35.220001,35.220001,35.119999,35.119999,31.064739,1200
2013-02-01,35.560001,35.570000,35.389999,35.560001,31.453930,3900
2013-02-04,35.200001,35.259998,35.180000,35.259998,31.188564,1900
2013-02-05,35.549999,35.560001,35.520000,35.540001,31.436237,1800
2013-02-06,35.400002,35.630001,35.400002,35.630001,31.515844,7500
2013-02-07,35.680000,35.680000,35.529999,35.630001,31.515844,6000
2013-02-08,35.770000,35.880001,35.770000,35.869999,31.728132,800
2013-02-11,35.799999,35.799999,35.730000,35.740002,31.613155,5300
2013-02-12,35.830002,35.860001,35.759998,35.759998,31.630831,4200
2013-02-13,35.799999,35.869999,35.700001,35.770000,31.639671,3400
2013-02-14,36.130001,36.290001,36.130001,36.209999,32.028866,3000
2013-02-15,36.209999,36.230000,35.959999,36.110001,31.940424,600
2013-02-19,36.169998,36.480000,36.169998,36.450001,32.241161,6200
2013-02-20,36.490002,36.500000,36.340000,36.349998,32.152714,1600
2013-02-21,36.180000,36.259998,36.060001,36.259998,32.073093,1800
2013-02-22,36.290001,36.400002,36.279999,36.330002,32.135021,1800
2013-02-25,36.520000,36.520000,36.180000,36.180000,32.002335,2300
2013-02-26,35.950001,35.950001,35.880001,35.880001,31.736980,500
2013-02-27,36.400002,36.410000,36.400002,36.400002,32.196930,700
2013-02-28,36.400002,36.570000,36.400002,36.500000,32.285389,5700
2013-03-01,36.160000,36.580002,36.160000,36.509998,32.294224,3300
2013-03-04,36.590000,36.700001,36.590000,36.700001,32.462303,600
2013-03-05,36.900002,36.970001,36.900002,36.930000,32.665741,5600
2013-03-06,36.939999,36.939999,36.860001,36.860001,32.603813,2500
2013-03-07,36.970001,36.990002,36.919998,36.919998,32.656891,900
2013-03-08,37.060001,37.060001,37.060001,37.060001,32.780724,100
2013-03-11,37.099998,37.150002,37.020000,37.040001,32.763031,2700
2013-03-12,37.070000,37.110001,37.029999,37.099998,32.816097,1600
2013-03-13,37.090000,37.250000,37.090000,37.209999,32.913403,2300
2013-03-14,37.380001,37.380001,37.340000,37.369999,33.054935,2500
2013-03-15,37.169998,37.290001,37.169998,37.200001,32.950417,600
2013-03-18,37.060001,37.220001,37.060001,37.169998,32.923836,2500
2013-03-19,37.369999,37.459999,37.220001,37.459999,33.180714,1900
2013-03-20,37.610001,37.849998,37.590000,37.849998,33.526161,4500
2013-03-21,37.770000,37.770000,37.610001,37.730000,33.419872,1800
2013-03-22,37.919998,38.000000,37.900002,38.000000,33.659012,1900
2013-03-25,38.240002,38.240002,37.900002,37.970001,33.632446,18600
2013-03-26,38.160000,38.169998,38.110001,38.169998,33.809608,1200
2013-03-27,38.009998,38.340000,38.000000,38.290001,33.915890,2100
2013-03-28,38.419998,38.540001,38.419998,38.529999,34.128468,700
2013-04-01,38.549999,38.549999,38.259998,38.389999,34.004467,11000
2013-04-02,38.630001,38.639999,38.590000,38.590000,34.181625,3300
2013-04-03,38.360001,38.720001,38.130001,38.130001,33.774170,5800
2013-04-04,38.230000,38.259998,38.230000,38.259998,33.889305,400
2013-04-05,38.009998,38.029999,38.009998,38.029999,33.685593,1400
2013-04-08,38.299999,38.349998,38.279999,38.349998,33.969036,1400
2013-04-09,38.340000,38.480000,38.340000,38.480000,34.084187,500
2013-04-10,38.730000,38.770000,38.689999,38.730000,34.305626,700
2013-04-11,38.950001,39.189999,38.950001,39.139999,34.668789,2200
2013-04-12,39.119999,39.209999,39.119999,39.209999,34.730793,1000
2013-04-15,39.200001,39.200001,38.580002,38.580002,34.172756,2300
2013-04-16,38.630001,39.080002,38.240002,39.049999,34.589077,6100
2013-04-17,38.529999,38.700001,38.529999,38.680000,34.261337,3300
2013-04-18,38.730000,38.820000,38.660000,38.660000,34.243618,1300
2013-04-19,38.970001,39.169998,38.970001,39.169998,34.695358,1100
2013-04-22,39.349998,39.480000,39.150002,39.450001,34.943382,6700
2013-04-23,39.660000,39.810001,39.660000,39.720001,35.182526,6300
2013-04-24,39.750000,39.849998,39.639999,39.650002,35.120529,3000
2013-04-25,39.820000,39.820000,39.570000,39.619999,35.093964,2900
2013-04-26,39.619999,39.619999,39.439999,39.500000,34.987663,1200
2013-04-29,39.660000,39.680000,39.549999,39.599998,35.076248,1600
2013-04-30,39.590000,39.680000,39.450001,39.680000,35.147114,1500
2013-05-01,39.689999,39.689999,39.410000,39.410000,34.907948,800
2013-05-02,39.410000,39.410000,39.410000,39.410000,34.907948,0
2013-05-03,39.790001,39.930000,39.790001,39.930000,35.368542,4500
2013-05-06,39.689999,39.689999,39.590000,39.590000,35.067387,1600
2013-05-07,39.700001,39.919998,39.700001,39.919998,35.359680,1600
2013-05-08,40.029999,40.090000,40.000000,40.020000,35.448261,4900
2013-05-09,40.139999,40.139999,39.750000,39.830002,35.279976,2800
2013-05-10,39.900002,39.959999,39.849998,39.849998,35.297680,1300
2013-05-13,40.169998,40.209999,40.040001,40.090000,35.510265,77700
2013-05-14,40.290001,40.520000,40.240002,40.419998,35.802563,1900
2013-05-15,40.610001,41.000000,40.610001,41.000000,36.316311,1400
2013-05-16,40.990002,40.990002,40.820000,40.950001,36.272026,3500
2013-05-17,40.330002,40.950001,40.330002,40.900002,36.227741,11900
2013-05-20,40.880001,40.880001,40.540001,40.540001,35.908875,700
2013-05-21,40.419998,40.669998,40.419998,40.669998,36.024010,6200
2013-05-22,40.889999,40.900002,40.389999,40.389999,35.775982,1200
2013-05-23,40.099998,40.540001,40.000000,40.540001,35.908875,2700
2013-05-24,40.240002,40.549999,40.240002,40.549999,35.917721,400
2013-05-28,41.020000,41.200001,40.900002,40.939999,36.263161,3800
2013-05-29,40.779999,40.779999,40.369999,40.439999,35.820282,2000
2013-05-30,40.520000,40.590000,40.400002,40.400002,35.784859,2300
2013-05-31,40.119999,40.130001,40.009998,40.009998,35.439407,4900
2013-06-03,39.570000,39.939999,39.540001,39.939999,35.377407,6600
2013-06-04,39.720001,40.130001,39.720001,39.900002,35.341980,1200
2013-06-05,39.900002,39.900002,39.450001,39.509998,34.996521,3700
2013-06-06,39.520000,39.520000,39.209999,39.259998,34.775085,1300
2013-06-07,39.389999,40.230000,39.389999,40.130001,35.545692,700
2013-06-10,40.360001,40.430000,40.070000,40.340000,35.731709,2300
2013-06-11,40.330002,40.470001,40.250000,40.250000,35.651981,1700
2013-06-12,40.480000,40.480000,40.139999,40.139999,35.554558,800
2013-06-13,40.150002,40.599998,40.060001,40.560001,35.926579,3100
2013-06-14,40.230000,40.549999,40.230000,40.529999,35.900002,4200
2013-06-17,40.680000,40.700001,40.680000,40.700001,36.050591,300
2013-06-18,40.990002,41.119999,40.990002,41.119999,36.422604,1600
2013-06-19,40.930000,41.049999,40.930000,41.049999,36.360603,900
2013-06-20,39.619999,39.910000,39.200001,39.200001,34.721931,3800
2013-06-21,39.310001,39.310001,38.959999,39.279999,34.965836,1200
2013-06-24,39.000000,39.330002,38.369999,39.330002,35.010357,3100
2013-06-25,39.330002,39.330002,39.330002,39.330002,35.010357,0
2013-06-26,39.459999,39.500000,39.430000,39.480000,35.143879,5000
2013-06-27,39.410000,39.980000,39.410000,39.840000,35.464344,2600
2013-06-28,39.700001,39.919998,39.669998,39.790001,35.419827,2400
2013-07-01,39.820000,40.150002,39.820000,40.070000,35.669071,300
2013-07-02,40.060001,40.060001,40.029999,40.029999,35.633465,500
2013-07-03,40.049999,40.049999,39.930000,39.930000,35.544449,600
2013-07-05,40.060001,40.070000,40.060001,40.070000,35.669071,400
2013-07-08,40.419998,40.419998,40.419998,40.419998,35.980629,200
2013-07-09,40.889999,40.919998,40.830002,40.880001,36.390110,9800
2013-07-10,40.959999,41.099998,40.880001,41.099998,36.585949,15200
2013-07-11,41.470001,41.549999,41.459999,41.549999,36.986530,2200
2013-07-12,41.650002,41.669998,41.540001,41.540001,36.977634,3500
2013-07-15,41.549999,41.730000,41.520000,41.720001,37.137856,1600
2013-07-16,41.709999,41.709999,41.490002,41.669998,37.093353,2100
2013-07-17,41.700001,41.730000,41.650002,41.650002,37.075542,1700
2013-07-18,41.810001,42.200001,41.799999,42.139999,37.511726,1500
2013-07-19,42.230000,42.230000,41.990002,42.080002,37.458321,700
2013-07-22,42.209999,42.279999,42.209999,42.270000,37.627445,700
2013-07-23,42.099998,42.150002,41.970001,42.119999,37.493923,3500
2013-07-24,41.939999,41.970001,41.709999,41.730000,37.146751,3700
2013-07-25,41.970001,42.180000,41.970001,42.090000,37.467216,1600
2013-07-26,41.919998,42.119999,41.919998,42.119999,37.493923,1800
2013-07-29,42.020000,42.160000,42.020000,42.160000,37.529526,600
2013-07-30,42.160000,42.160000,42.000000,42.029999,37.413811,3900
2013-07-31,42.000000,42.150002,41.939999,42.150002,37.520626,1900
2013-08-01,42.360001,42.520000,42.360001,42.520000,37.849987,2600
2013-08-02,42.360001,42.529999,42.209999,42.529999,37.858902,9700
2013-08-05,42.630001,42.790001,42.630001,42.790001,38.090343,500
2013-08-06,42.709999,42.709999,42.680000,42.689999,38.001320,800
2013-08-07,42.669998,42.669998,42.330002,42.389999,37.734272,2700
2013-08-08,42.400002,42.400002,42.349998,42.349998,37.698666,200
2013-08-09,42.349998,42.480000,42.200001,42.330002,37.680855,800
2013-08-12,42.270000,42.410000,42.209999,42.410000,37.752075,3500
2013-08-13,42.330002,42.450001,42.259998,42.450001,37.787678,1500
2013-08-14,42.540001,42.540001,42.160000,42.160000,37.529526,5000
2013-08-15,41.540001,41.549999,41.299999,41.419998,36.870800,2100
2013-08-16,41.180000,41.310001,41.119999,41.310001,36.772884,1500
2013-08-19,41.230000,41.230000,40.950001,40.950001,36.452431,9100
2013-08-20,41.060001,41.369999,41.060001,41.310001,36.772884,1700
2013-08-21,41.310001,41.310001,41.310001,41.310001,36.772884,0
2013-08-22,40.919998,41.320000,40.840000,40.840000,36.354504,500
2013-08-23,41.029999,41.189999,40.980000,41.189999,36.666069,3800
2013-08-26,41.200001,41.200001,40.730000,40.730000,36.256580,400
2013-08-27,40.490002,40.549999,39.790001,40.220001,35.802612,3300
2013-08-28,40.240002,40.240002,40.000000,40.040001,35.642368,7600
2013-08-29,40.040001,40.410000,40.040001,40.279999,35.856003,14600
2013-08-30,40.169998,40.220001,40.150002,40.150002,35.740280,1200
2013-09-03,40.660000,40.660000,40.090000,40.259998,35.838207,5800
2013-09-04,40.320000,40.570000,40.299999,40.549999,36.096359,4900
2013-09-05,40.549999,40.700001,40.540001,40.560001,36.105263,5700
2013-09-06,40.549999,40.630001,40.169998,40.630001,36.167568,2400
2013-09-09,40.270000,40.889999,40.270000,40.889999,36.399025,900
2013-09-10,41.080002,41.080002,40.990002,40.990002,36.488026,6900
2013-09-11,41.000000,41.160000,41.000000,41.160000,36.639359,700
2013-09-12,41.320000,41.360001,41.310001,41.310001,36.772884,800
2013-09-13,41.139999,41.529999,41.139999,41.389999,36.844101,1700
2013-09-16,41.970001,42.009998,41.799999,41.919998,37.315884,2800
2013-09-17,41.950001,42.099998,41.910000,42.099998,37.476128,1100
2013-09-18,41.830002,42.500000,41.830002,42.500000,37.832191,700
2013-09-19,42.410000,42.500000,42.330002,42.400002,37.743164,5600
2013-09-20,42.220001,42.330002,42.169998,42.230000,37.704769,1000
2013-09-23,41.660000,42.320000,41.660000,42.099998,37.588707,1400
2013-09-24,42.139999,42.200001,42.139999,42.200001,37.677998,200
2013-09-25,41.799999,41.930000,41.799999,41.820000,37.338718,700
2013-09-26,41.759998,41.880001,41.709999,41.709999,37.240509,500
2013-09-27,41.540001,41.660000,41.540001,41.630001,37.169071,5100
2013-09-30,41.099998,41.459999,41.099998,41.450001,37.008358,4400
2013-10-01,41.450001,41.650002,41.380001,41.470001,37.026222,2900
2013-10-02,41.259998,41.400002,41.259998,41.389999,36.954792,1200
2013-10-03,41.270000,41.310001,41.009998,41.310001,36.883366,1500
2013-10-04,41.299999,41.450001,41.299999,41.450001,37.008358,200
2013-10-07,41.259998,41.340000,41.049999,41.110001,36.704792,2300
2013-10-08,40.860001,40.980000,40.860001,40.930000,36.544083,900
2013-10-09,40.939999,40.939999,40.880001,40.880001,36.499439,1200
2013-10-10,41.590000,41.590000,41.459999,41.560001,37.106583,700
2013-10-11,41.919998,41.919998,41.919998,41.919998,37.427998,100
2013-10-14,41.759998,41.970001,41.759998,41.970001,37.472641,200
2013-10-15,41.980000,42.020000,41.889999,41.889999,37.401215,1400
2013-10-16,42.130001,42.389999,42.130001,42.389999,37.847626,11200
2013-10-17,42.509998,42.619999,42.279999,42.549999,37.990494,7400
2013-10-18,42.590000,42.650002,42.580002,42.650002,38.079777,800
2013-10-21,42.500000,42.549999,42.419998,42.500000,37.945850,8000
2013-10-22,42.939999,42.939999,42.860001,42.860001,38.267277,800
2013-10-23,42.790001,43.020000,42.730000,42.950001,38.347633,2000
2013-10-24,42.880001,43.049999,42.880001,43.049999,38.436909,1700
2013-10-25,43.040001,43.200001,42.950001,43.180000,38.552982,6100
2013-10-28,43.540001,43.730000,43.480000,43.540001,38.874397,6100
2013-10-29,43.639999,43.900002,43.639999,43.900002,39.195820,1000
2013-10-30,43.820000,43.820000,43.689999,43.689999,39.008324,600
2013-10-31,43.160000,43.220001,43.160000,43.220001,38.588692,1700
2013-11-01,43.119999,43.209999,42.950001,43.209999,38.579769,4100
2013-11-04,43.250000,43.250000,43.070000,43.090000,38.472622,900
2013-11-05,43.090000,43.500000,43.090000,43.500000,38.838703,1100
2013-11-06,43.119999,43.560001,43.110001,43.459999,38.802967,1100
2013-11-07,42.990002,42.990002,42.619999,42.680000,38.106564,900
2013-11-08,42.410000,42.990002,42.410000,42.860001,38.267277,1600
2013-11-11,43.040001,43.040001,43.000000,43.020000,38.410126,500
2013-11-12,42.680000,42.759998,42.680000,42.720001,38.142269,1700
2013-11-13,42.860001,43.340000,42.860001,43.169998,38.544048,8300
2013-11-14,43.740002,43.740002,43.520000,43.689999,39.008324,3700
2013-11-15,43.750000,43.750000,43.540001,43.660000,38.981548,1500
2013-11-18,43.680000,43.680000,43.480000,43.509998,38.847614,2500
2013-11-19,43.200001,43.349998,43.060001,43.060001,38.445835,1700
2013-11-20,43.060001,43.060001,42.849998,42.849998,38.258331,800
2013-11-21,43.430000,43.570000,43.380001,43.500000,38.838703,3100
2013-11-22,43.820000,43.880001,43.700001,43.880001,39.177971,1300
2013-11-25,44.029999,44.099998,43.779999,43.779999,39.088688,6000
2013-11-26,43.750000,44.000000,43.730000,44.000000,39.285114,4100
2013-11-27,44.200001,44.200001,44.029999,44.029999,39.311893,2700
2013-11-29,44.160000,44.160000,44.029999,44.029999,39.311893,800
2013-12-02,43.790001,43.889999,43.779999,43.779999,39.088688,11600
2013-12-03,43.580002,43.730000,43.580002,43.730000,39.044037,1700
2013-12-04,43.860001,43.869999,43.849998,43.860001,39.160114,1600
2013-12-05,43.959999,43.959999,43.520000,43.590000,38.919048,5200
2013-12-06,43.950001,44.060001,43.930000,44.060001,39.338684,4200
2013-12-09,44.099998,44.189999,44.099998,44.189999,39.454754,500
2013-12-10,44.009998,44.090000,43.740002,43.750000,39.061897,1400
2013-12-11,43.910000,43.910000,43.509998,43.509998,38.847614,2200
2013-12-12,43.180000,43.180000,43.160000,43.160000,38.535122,300
2013-12-13,43.000000,43.200001,42.970001,43.090000,38.472622,8100
2013-12-16,43.259998,43.340000,43.250000,43.250000,38.615471,1100
2013-12-17,43.220001,43.320000,43.150002,43.320000,38.677986,18000
2013-12-18,43.389999,43.779999,43.189999,43.779999,39.088688,10200
2013-12-19,43.740002,43.799999,43.660000,43.799999,39.106548,9000
2013-12-20,43.740002,43.910000,43.570000,43.759998,39.243755,137300
2013-12-23,43.889999,44.020000,43.730000,43.860001,39.333431,118900
2013-12-24,44.049999,44.049999,43.840000,43.840000,39.315498,102200
2013-12-26,44.099998,44.099998,43.980000,44.070000,39.521763,110100
2013-12-27,44.209999,44.230000,44.000000,44.060001,39.512791,152900
2013-12-30,44.130001,44.240002,44.070000,44.099998,39.548664,107300
2013-12-31,44.160000,44.259998,44.070000,44.110001,39.557636,22200
2014-01-02,44.009998,44.009998,43.599998,43.610001,39.109234,12800
2014-01-03,43.799999,43.799999,43.570000,43.720001,39.207890,1800
2014-01-06,43.700001,43.790001,43.310001,43.340000,38.867100,4300
2014-01-07,43.619999,43.820000,43.619999,43.820000,39.297569,4000
2014-01-08,43.840000,43.840000,43.590000,43.590000,39.091297,1800
2014-01-09,43.650002,43.709999,43.330002,43.709999,39.198921,12200
2014-01-10,43.840000,43.840000,43.599998,43.700001,39.189953,5400
2014-01-13,43.779999,43.810001,43.299999,43.299999,38.831226,4300
2014-01-14,43.360001,43.660000,43.360001,43.660000,39.154079,3700
2014-01-15,43.549999,43.580002,43.439999,43.439999,38.956783,1600
2014-01-16,43.220001,43.220001,43.119999,43.200001,38.741547,600
2014-01-17,42.810001,42.810001,42.810001,42.810001,38.391792,100
2014-01-21,42.759998,43.029999,42.759998,43.029999,38.589092,1500
2014-01-22,43.090000,43.139999,43.080002,43.139999,38.687748,1500
2014-01-23,42.779999,42.820000,42.740002,42.770000,38.355930,1600
2014-01-24,42.549999,42.549999,42.200001,42.230000,37.871658,1900
2014-01-27,42.080002,42.230000,41.939999,42.230000,37.871658,2200
2014-01-28,42.150002,42.340000,42.040001,42.340000,37.970299,1500
2014-01-29,41.599998,41.830002,41.480000,41.480000,37.199059,15600
2014-01-30,41.660000,41.950001,41.660000,41.950001,37.620556,3800
2014-01-31,41.900002,42.040001,41.810001,41.810001,37.495007,1900
2014-02-03,41.430000,41.549999,40.860001,40.860001,36.643040,3300
2014-02-04,40.959999,41.139999,40.860001,41.009998,36.777550,3500
2014-02-05,40.959999,41.029999,40.849998,41.020000,36.786530,5400
2014-02-06,41.509998,41.509998,41.509998,41.509998,37.225964,400
2014-02-07,41.779999,41.820000,41.759998,41.820000,37.503967,1200
2014-02-10,41.799999,41.799999,41.799999,41.799999,37.486034,500
2014-02-11,42.119999,42.580002,42.060001,42.520000,38.131721,2000
2014-02-12,42.470001,42.470001,42.310001,42.439999,38.059982,2200
2014-02-13,42.450001,42.869999,42.439999,42.869999,38.445602,1300
2014-02-14,43.049999,43.139999,43.009998,43.139999,38.687748,1200
2014-02-18,43.090000,43.259998,43.049999,43.180000,38.723602,42800
2014-02-19,43.189999,43.380001,43.119999,43.119999,38.669796,15700
2014-02-20,43.349998,43.759998,43.310001,43.709999,39.198921,30700
2014-02-21,43.779999,43.869999,43.639999,43.660000,39.154079,13000
2014-02-24,43.900002,44.230000,43.900002,44.139999,39.584534,17300
2014-02-25,44.270000,44.459999,44.209999,44.250000,39.683186,19100
2014-02-26,44.189999,44.480000,44.090000,44.200001,39.638351,206700
2014-02-27,44.310001,44.480000,44.090000,44.480000,39.889446,33600
2014-02-28,44.439999,44.779999,44.439999,44.599998,39.997066,15100
2014-03-03,43.950001,44.990002,43.889999,44.189999,39.629372,28500
2014-03-04,44.720001,45.110001,44.520000,45.099998,40.445457,127800
2014-03-05,45.000000,45.080002,44.810001,44.939999,40.301968,75100
2014-03-06,44.939999,45.060001,44.900002,44.930000,40.293015,6500
2014-03-07,44.869999,44.980000,44.820000,44.820000,40.194355,2500
2014-03-10,44.900002,44.970001,44.860001,44.959999,40.319908,6700
2014-03-11,44.970001,44.970001,44.650002,44.650002,40.041908,1000
2014-03-12,44.240002,44.799999,44.240002,44.689999,40.077763,5900
2014-03-13,44.660000,44.660000,44.090000,44.130001,39.575573,2300
2014-03-14,44.340000,44.560001,44.330002,44.360001,39.781826,3400
2014-03-17,44.599998,44.630001,44.470001,44.570000,39.970158,2500
2014-03-18,44.700001,44.770000,44.700001,44.740002,40.122604,2500
2014-03-19,44.720001,44.750000,44.349998,44.349998,39.772858,4000
2014-03-20,44.380001,44.570000,44.380001,44.560001,39.961189,3100
2014-03-21,44.689999,44.730000,44.540001,44.580002,40.033035,2800
2014-03-24,44.540001,44.540001,44.250000,44.310001,39.790569,900
2014-03-25,44.590000,44.590000,44.209999,44.369999,39.844448,2700
2014-03-26,44.490002,44.490002,44.320000,44.410000,39.880367,1100
2014-03-27,43.810001,43.840000,43.759998,43.840000,39.368507,1000
2014-03-28,44.119999,44.119999,44.009998,44.009998,39.521164,1100
2014-03-31,44.500000,44.700001,44.490002,44.700001,40.140793,12600
2014-04-01,44.580002,45.090000,44.580002,45.090000,40.491013,6900
2014-04-02,44.810001,45.000000,44.779999,44.880001,40.302448,4400
2014-04-03,44.630001,44.630001,44.360001,44.500000,39.961193,1400
2014-04-04,44.520000,44.669998,43.619999,43.619999,39.170952,4500
2014-04-07,43.400002,43.490002,43.009998,43.009998,38.623161,4700
2014-04-08,42.950001,43.160000,42.770000,43.160000,38.757858,1400
2014-04-09,43.070000,43.349998,43.070000,43.290001,38.874611,1900
2014-04-10,43.439999,43.459999,43.139999,43.139999,38.739914,2100
2014-04-11,42.540001,42.540001,42.250000,42.250000,37.940689,1100
2014-04-14,42.259998,42.450001,41.950001,42.259998,37.949661,2500
2014-04-15,42.250000,42.400002,41.810001,42.400002,38.075378,1600
2014-04-16,42.619999,42.959999,42.610001,42.959999,38.578255,81900
2014-04-17,42.959999,43.349998,42.930000,43.349998,38.928486,1800
2014-04-21,43.419998,43.470001,43.230000,43.470001,39.036243,2000
2014-04-22,43.599998,43.790001,43.599998,43.750000,39.287689,10000
2014-04-23,43.650002,43.650002,43.389999,43.450001,39.018291,9100
2014-04-24,43.419998,43.599998,43.369999,43.380001,38.955433,1200
2014-04-25,42.880001,42.900002,42.799999,42.860001,38.488476,11800
2014-04-28,43.169998,43.169998,42.419998,42.740002,38.380703,1600
2014-04-29,42.889999,42.919998,42.720001,42.820000,38.452545,4400
2014-04-30,42.500000,42.959999,42.490002,42.959999,38.578255,10500
2014-05-01,43.169998,43.270000,43.020000,43.029999,38.641125,10500
2014-05-02,43.360001,43.380001,43.299999,43.299999,38.883583,900
2014-05-05,43.099998,43.110001,43.080002,43.080002,38.686028,800
2014-05-06,43.009998,43.009998,42.680000,42.680000,38.326820,1000
2014-05-07,42.400002,42.570000,42.400002,42.540001,38.201107,800
2014-05-08,42.650002,43.160000,42.650002,43.160000,38.757858,1000
2014-05-09,42.259998,42.660000,42.240002,42.619999,38.272942,1600
2014-05-12,42.730000,43.580002,42.730000,43.580002,39.135029,800
2014-05-13,43.709999,43.889999,43.660000,43.660000,39.206871,3100
2014-05-14,43.330002,43.330002,43.330002,43.330002,38.910522,200
2014-05-15,43.049999,43.049999,42.599998,42.880001,38.506435,1300
2014-05-16,42.959999,43.130001,42.959999,43.130001,38.730923,500
2014-05-19,43.380001,43.450001,43.320000,43.450001,39.018291,2000
2014-05-20,43.450001,43.450001,43.450001,43.450001,39.018291,0
2014-05-21,43.270000,43.270000,43.169998,43.230000,38.820713,5500
2014-05-22,43.360001,43.389999,43.349998,43.349998,38.928486,1100
2014-05-23,43.389999,43.599998,43.389999,43.540001,39.099102,2600
2014-05-27,44.080002,44.119999,43.970001,44.029999,39.539135,1600
2014-05-28,43.930000,43.990002,43.860001,43.880001,39.404430,2100
2014-05-29,44.220001,44.220001,44.220001,44.220001,39.709755,200
2014-05-30,44.439999,44.490002,44.369999,44.490002,39.952206,1400
2014-06-02,44.430000,44.540001,44.330002,44.529999,39.988129,3400
2014-06-03,44.509998,44.509998,44.349998,44.459999,39.925278,1000
2014-06-04,44.349998,44.889999,44.349998,44.869999,40.293453,2700
2014-06-05,45.060001,45.139999,44.700001,45.139999,40.535912,900
2014-06-06,45.250000,45.290001,45.200001,45.290001,40.670616,1000
2014-06-09,45.279999,45.490002,45.279999,45.490002,40.850220,600
2014-06-10,45.169998,45.200001,45.110001,45.200001,40.589787,800
2014-06-11,45.150002,45.240002,45.150002,45.240002,40.625713,600
2014-06-12,45.240002,45.240002,44.900002,45.049999,40.455090,1400
2014-06-13,45.099998,45.099998,45.060001,45.060001,40.464073,700
2014-06-16,45.099998,45.340000,45.060001,45.320000,40.697552,4800
2014-06-17,45.480000,45.650002,45.480000,45.630001,40.975929,2600
2014-06-18,45.779999,46.009998,45.779999,45.980000,41.290237,2700
2014-06-19,46.270000,46.270000,46.020000,46.070000,41.371056,500
2014-06-20,45.799999,45.849998,45.750000,45.849998,41.393620,800
2014-06-23,45.919998,45.919998,45.759998,45.770000,41.321404,2800
2014-06-24,45.529999,45.730000,45.380001,45.380001,40.969307,2300
2014-06-25,45.139999,45.799999,45.139999,45.759998,41.312370,2600
2014-06-26,45.419998,45.700001,45.419998,45.599998,41.167919,3100
2014-06-27,45.720001,45.919998,45.700001,45.919998,41.456833,1900
2014-06-30,45.860001,46.150002,45.860001,46.099998,41.619324,5000
2014-07-01,46.349998,46.459999,46.340000,46.459999,41.944328,1100
2014-07-02,46.349998,46.349998,46.240002,46.240002,41.745716,1600
2014-07-03,46.360001,46.709999,46.360001,46.560001,42.034615,1800
2014-07-07,46.439999,46.570000,46.380001,46.400002,41.890179,2200
2014-07-08,46.090000,46.130001,46.020000,46.029999,41.556126,2100
2014-07-09,46.150002,46.340000,46.150002,46.340000,41.835999,1300
2014-07-10,46.150002,46.230000,46.139999,46.230000,41.736691,2500
2014-07-11,46.070000,46.230000,46.070000,46.230000,41.736691,4300
2014-07-14,46.389999,46.389999,46.389999,46.389999,41.881145,300
2014-07-15,45.810001,45.810001,45.770000,45.770000,41.321404,400
2014-07-16,45.459999,45.549999,45.459999,45.549999,41.122787,1800
2014-07-17,45.650002,45.669998,45.259998,45.259998,40.860966,3400
2014-07-18,45.820000,45.830002,45.820000,45.830002,41.375576,800
2014-07-21,45.470001,45.549999,45.439999,45.540001,41.113758,1500
2014-07-22,45.849998,45.889999,45.849998,45.889999,41.429752,500
2014-07-23,45.799999,45.849998,45.720001,45.720001,41.276272,1000
2014-07-24,45.599998,45.939999,45.599998,45.939999,41.474873,1400
2014-07-25,45.730000,45.770000,45.689999,45.689999,41.249165,1000
2014-07-28,45.730000,45.730000,45.250000,45.410000,40.996395,2700
2014-07-29,45.880001,45.880001,45.290001,45.290001,40.888058,2000
2014-07-30,45.080002,45.119999,45.060001,45.119999,40.734581,600
2014-07-31,44.299999,44.299999,44.009998,44.009998,39.732460,2000
2014-08-01,43.959999,44.209999,43.959999,44.189999,39.894970,1000
2014-08-04,44.369999,44.369999,44.230000,44.299999,39.994274,1300
2014-08-05,44.500000,44.509998,44.189999,44.189999,39.894970,500
2014-08-06,44.480000,44.619999,44.480000,44.599998,40.265121,1300
2014-08-07,44.639999,44.639999,44.639999,44.639999,40.301235,200
2014-08-08,44.419998,44.880001,44.419998,44.869999,40.508877,800
2014-08-11,45.410000,45.459999,45.400002,45.400002,40.987366,1100
2014-08-12,45.419998,45.419998,45.279999,45.310001,40.906116,1100
2014-08-13,45.439999,45.560001,45.439999,45.560001,41.131824,1100
2014-08-14,45.560001,45.560001,45.560001,45.560001,41.131824,0
2014-08-15,46.790001,46.790001,46.209999,46.209999,41.718632,1000
2014-08-18,46.759998,46.759998,46.759998,46.759998,42.215179,300
2014-08-19,46.759998,46.959999,46.610001,46.910000,42.350594,1400
2014-08-20,47.009998,47.049999,46.950001,47.049999,42.477001,2000
2014-08-21,46.930000,47.040001,46.919998,46.919998,42.359623,1000
2014-08-22,46.730000,47.189999,46.730000,47.119999,42.540184,2200
2014-08-25,47.209999,47.220001,47.150002,47.150002,42.567280,2300
2014-08-26,47.340000,47.340000,47.290001,47.330002,42.729778,1000
2014-08-27,47.209999,47.259998,47.209999,47.240002,42.648521,1500
2014-08-28,47.320000,47.320000,47.320000,47.320000,42.720760,200
2014-08-29,47.410000,47.419998,47.349998,47.360001,42.756866,700
2014-09-02,47.560001,47.700001,47.560001,47.700001,43.063805,3000
2014-09-03,48.480000,48.480000,47.590000,47.639999,43.009640,1500
2014-09-04,47.740002,47.740002,47.380001,47.380001,42.774918,700
2014-09-05,47.310001,47.580002,47.310001,47.580002,42.955490,900
2014-09-08,47.669998,47.669998,47.669998,47.669998,43.036728,100
2014-09-09,47.520000,47.529999,47.360001,47.369999,42.765892,4200
2014-09-10,47.680000,47.709999,47.680000,47.709999,43.072838,1000
2014-09-11,47.830002,47.830002,47.830002,47.830002,43.181179,1000
2014-09-12,47.830002,47.830002,47.830002,47.830002,43.181179,0
2014-09-15,47.830002,47.830002,47.830002,47.830002,43.181179,0
2014-09-16,48.029999,48.029999,48.029999,48.029999,43.361736,300
2014-09-17,47.910000,47.939999,47.910000,47.930000,43.271461,1000
2014-09-18,48.029999,48.110001,48.020000,48.110001,43.433971,1100
2014-09-19,47.959999,48.320000,47.930000,47.970001,43.367981,1100
2014-09-22,48.000000,48.000000,47.540001,47.570000,43.006344,3100
2014-09-23,47.470001,47.500000,47.130001,47.189999,42.662796,1700
2014-09-24,47.259998,47.590000,47.259998,47.590000,43.024418,1000
2014-09-25,47.310001,47.310001,46.779999,46.869999,42.373501,1600
2014-09-26,46.830002,47.139999,46.810001,47.139999,42.617596,1600
2014-09-29,47.099998,47.099998,47.099998,47.099998,42.581440,400
2014-09-30,47.380001,47.380001,47.189999,47.189999,42.662796,600
2014-10-01,46.639999,46.639999,46.439999,46.470001,42.011871,2000
2014-10-02,46.610001,46.610001,46.610001,46.610001,42.138451,300
2014-10-03,47.099998,47.099998,47.099998,47.099998,42.581440,400
2014-10-06,47.240002,47.240002,47.049999,47.150002,42.626640,1200
2014-10-07,47.070000,47.070000,46.980000,46.980000,42.472946,1000
2014-10-08,46.520000,46.639999,46.520000,46.639999,42.165565,1800
2014-10-09,47.110001,47.169998,46.540001,46.540001,42.075157,2000
2014-10-10,46.439999,46.599998,46.209999,46.230000,41.794903,1700
2014-10-13,45.939999,45.990002,45.410000,45.410000,41.053562,7800
2014-10-14,45.529999,45.730000,45.529999,45.610001,41.234383,2000
2014-10-15,45.070000,45.369999,44.369999,45.369999,41.017403,3200
2014-10-16,44.990002,45.369999,44.880001,45.110001,40.782349,1500
2014-10-17,45.590000,45.840000,45.369999,45.700001,41.315746,2800
2014-10-20,45.500000,46.279999,45.500000,46.279999,41.840103,2900
2014-10-21,46.529999,47.400002,46.500000,47.349998,42.807446,3000
2014-10-22,47.500000,47.540001,47.119999,47.119999,42.599514,5300
2014-10-23,47.599998,47.619999,47.450001,47.619999,43.051544,5500
2014-10-24,47.450001,47.540001,47.349998,47.540001,42.979233,4300
2014-10-27,47.540001,47.720001,47.529999,47.630001,43.060593,2100
2014-10-28,47.770000,48.389999,47.770000,48.360001,43.720562,3400
2014-10-29,48.439999,48.439999,48.200001,48.299999,43.666313,4600
2014-10-30,48.250000,48.700001,48.250000,48.509998,43.856167,3000
2014-10-31,49.200001,49.200001,48.919998,48.950001,44.253956,2300
2014-11-03,49.099998,49.230000,49.099998,49.189999,44.470924,4100
2014-11-04,49.119999,49.349998,48.990002,49.150002,44.434776,3600
2014-11-05,49.619999,49.709999,49.279999,49.279999,44.552299,4000
2014-11-06,49.439999,49.500000,49.439999,49.500000,44.751190,700
2014-11-07,49.610001,49.610001,49.540001,49.540001,44.787346,1100
2014-11-10,49.590000,49.799999,49.529999,49.799999,45.022408,1200
2014-11-11,49.880001,49.919998,49.650002,49.650002,44.886806,1900
2014-11-12,49.700001,49.990002,49.470001,49.980000,45.185135,1000
2014-11-13,50.250000,50.250000,49.980000,49.980000,45.185135,900
2014-11-14,49.840000,49.840000,49.720001,49.720001,44.950085,600
2014-11-17,49.869999,50.020000,49.810001,49.950001,45.158020,1800
2014-11-18,50.250000,50.250000,50.209999,50.250000,45.429237,800
2014-11-19,50.000000,50.410000,50.000000,50.410000,45.573887,3500
2014-11-20,50.209999,50.279999,50.090000,50.090000,45.284580,3000
2014-11-21,50.709999,50.709999,50.099998,50.099998,45.293629,2000
2014-11-24,50.290001,50.299999,50.099998,50.139999,45.329792,1600
2014-11-25,50.099998,50.320000,50.060001,50.320000,45.492527,1700
2014-11-26,50.410000,50.500000,50.349998,50.500000,45.655247,1400
2014-11-28,50.980000,50.980000,50.720001,50.720001,45.854149,1200
2014-12-01,50.580002,50.619999,50.230000,50.299999,45.474445,116700
2014-12-02,50.750000,50.750000,50.279999,50.520000,45.673332,87600
2014-12-03,50.869999,50.910000,50.400002,50.849998,45.971684,55400
2014-12-04,50.849998,50.980000,50.619999,50.849998,45.971684,106300
2014-12-05,51.020000,51.250000,51.020000,51.230000,46.315216,92500
2014-12-08,51.240002,51.330002,50.610001,50.790001,45.917446,17600
2014-12-09,50.349998,50.700001,50.000000,50.669998,45.808949,41200
2014-12-10,50.970001,50.970001,50.160000,50.169998,45.356903,21200
2014-12-11,50.400002,50.820000,50.400002,50.540001,45.691422,8600
2014-12-12,50.299999,50.299999,49.570000,49.580002,44.823521,23300
2014-12-15,49.869999,49.869999,48.849998,49.200001,44.479965,9800
2014-12-16,49.099998,49.740002,48.759998,49.080002,44.371483,16600
2014-12-17,49.290001,50.110001,49.009998,50.090000,45.284580,14900
2014-12-18,50.500000,50.849998,50.360001,50.849998,45.971684,7700
2014-12-19,50.750000,51.029999,50.599998,50.910000,46.126621,6600
2014-12-22,50.970001,51.270000,50.970001,51.270000,46.452785,21300
2014-12-23,51.630001,51.720001,51.330002,51.549999,46.706478,16900
2014-12-24,51.570000,51.650002,51.389999,51.549999,46.706478,5700
2014-12-26,51.889999,51.959999,51.610001,51.630001,46.778961,15100
2014-12-29,52.009998,52.009998,51.470001,51.590000,46.742725,7900
2014-12-30,51.580002,51.580002,51.330002,51.340000,46.516212,13900
2014-12-31,51.380001,51.500000,50.939999,50.939999,46.153790,9300
2015-01-02,51.040001,51.040001,49.849998,50.180000,45.465199,6400
2015-01-05,49.830002,50.049999,49.540001,49.700001,45.030308,67600
2015-01-06,50.029999,50.029999,49.189999,49.720001,45.048424,44100
2015-01-07,50.209999,50.419998,49.830002,50.419998,45.682644,17100
2015-01-08,50.410000,51.090000,50.410000,51.070000,46.271576,24300
2015-01-09,51.270000,51.270000,50.650002,50.650002,45.891037,32000
2015-01-12,50.580002,50.580002,50.320000,50.320000,45.592056,15400
2015-01-13,50.930000,51.220001,49.980000,50.160000,45.447071,104600
2015-01-14,49.990002,50.430000,49.900002,50.369999,45.637341,87400
2015-01-15,51.240002,51.240002,50.230000,50.529999,45.782314,22900
2015-01-16,50.590000,51.209999,50.590000,51.209999,46.398422,10600
2015-01-20,51.590000,51.639999,50.869999,51.500000,46.661179,24300
2015-01-21,51.150002,51.590000,51.150002,51.590000,46.742725,8200
2015-01-22,51.650002,52.389999,51.320000,52.389999,47.467545,20800
2015-01-23,52.259998,52.259998,51.869999,52.020000,47.132324,13700
2015-01-26,52.020000,52.560001,52.020000,52.560001,47.621574,66100
2015-01-27,52.320000,52.320000,51.580002,51.970001,47.087013,43300
2015-01-28,52.869999,52.869999,51.389999,51.400002,46.570576,13400
2015-01-29,51.240002,51.939999,51.119999,51.939999,47.059830,9000
2015-01-30,51.459999,51.459999,50.970001,50.980000,46.190022,18400
2015-02-02,50.700001,51.200001,50.270000,51.200001,46.389366,6500
2015-02-03,51.360001,51.480000,51.169998,51.480000,46.643055,8500
2015-02-04,51.549999,52.099998,51.419998,51.759998,46.896751,19900
2015-02-05,52.689999,52.689999,51.619999,51.680000,46.824265,15100
2015-02-06,51.700001,51.880001,51.490002,51.490002,46.652119,14700
2015-02-09,51.439999,51.650002,51.150002,51.360001,46.534332,21000
2015-02-10,51.650002,51.869999,51.279999,51.869999,46.996407,10400
2015-02-11,51.849998,51.930000,51.520000,51.799999,46.932995,12100
2015-02-12,52.480000,52.869999,52.080002,52.590000,47.648762,29700
2015-02-13,52.669998,52.669998,52.430000,52.570000,47.630634,8500
2015-02-17,52.869999,52.910000,52.400002,52.650002,47.703125,23100
2015-02-18,53.099998,53.459999,52.900002,53.439999,48.418884,18800
2015-02-19,53.360001,53.470001,53.290001,53.330002,48.319225,12800
2015-02-20,53.490002,53.790001,52.860001,53.570000,48.536686,19800
2015-02-23,53.849998,53.849998,53.529999,53.689999,48.645397,18500
2015-02-24,54.090000,54.090000,53.700001,53.939999,48.871918,14100
2015-02-25,53.840000,53.840000,53.369999,53.619999,48.581985,35900
2015-02-26,53.759998,53.759998,53.299999,53.630001,48.591038,8700
2015-02-27,54.049999,54.049999,53.700001,53.799999,48.745079,27500
2015-03-02,53.919998,53.970001,53.570000,53.970001,48.899094,18500
2015-03-03,54.000000,54.000000,53.410000,53.689999,48.645397,11600
2015-03-04,53.470001,53.660000,53.279999,53.590000,48.554810,29400
2015-03-05,53.599998,53.720001,53.349998,53.610001,48.572929,24000
2015-03-06,53.080002,53.380001,52.610001,52.619999,47.675945,14100
2015-03-09,53.000000,53.189999,52.900002,53.130001,48.138023,6500
2015-03-10,52.720001,52.720001,52.299999,52.500000,47.567219,17200
2015-03-11,52.500000,52.580002,52.040001,52.400002,47.476616,9800
2015-03-12,52.939999,53.459999,52.939999,53.389999,48.373596,10000
2015-03-13,53.270000,53.270000,52.730000,53.070000,48.083656,8000
2015-03-16,53.439999,53.689999,53.330002,53.689999,48.645397,13900
2015-03-17,53.349998,53.529999,53.189999,53.419998,48.400780,24400
2015-03-18,53.240002,54.000000,52.990002,53.820000,48.763203,16700
2015-03-19,54.000000,54.000000,53.619999,53.869999,48.808502,28500
2015-03-20,54.220001,54.220001,53.750000,54.070000,49.282455,33600
2015-03-23,53.910000,54.389999,53.910000,54.139999,49.346256,13200
2015-03-24,54.470001,54.470001,53.830002,53.830002,49.063709,16600
2015-03-25,54.259998,54.529999,53.549999,53.590000,48.844955,15900
2015-03-26,53.500000,53.779999,53.189999,53.500000,48.762920,40100
2015-03-27,53.889999,53.980000,53.450001,53.959999,49.182198,42300
2015-03-30,54.480000,54.480000,54.049999,54.310001,49.501205,9100
2015-03-31,54.270000,54.270000,53.840000,53.889999,49.118385,23500
2015-04-01,53.970001,53.970001,53.250000,53.880001,49.109280,8700
2015-04-02,54.130001,54.410000,54.029999,54.360001,49.546772,15400
2015-04-06,54.290001,54.700001,54.099998,54.549999,49.719948,17300
2015-04-07,54.450001,54.619999,54.250000,54.250000,49.446518,22400
2015-04-08,54.560001,54.560001,54.139999,54.480000,49.656147,20700
2015-04-09,54.639999,54.639999,54.070000,54.459999,49.637920,37200
2015-04-10,54.860001,54.860001,54.450001,54.709999,49.865776,13300
2015-04-13,54.779999,54.779999,54.240002,54.290001,49.482979,29300
2015-04-14,54.459999,54.459999,54.070000,54.169998,49.373592,20800
2015-04-15,54.320000,54.459999,53.950001,53.959999,49.182198,15100
2015-04-16,53.959999,54.009998,53.639999,53.689999,48.936089,26200
2015-04-17,53.279999,53.279999,52.939999,53.180000,48.471256,8900
2015-04-20,53.380001,53.669998,53.380001,53.610001,48.863194,7000
2015-04-21,53.509998,53.820000,53.509998,53.709999,48.954327,33500
2015-04-22,53.820000,53.820000,53.270000,53.529999,48.790268,52200
2015-04-23,53.599998,53.770000,53.509998,53.689999,48.936089,12700
2015-04-24,53.650002,53.650002,53.380001,53.419998,48.690010,13600
2015-04-27,53.669998,53.669998,52.830002,52.860001,48.179588,21500
2015-04-28,52.950001,52.950001,52.230000,52.580002,47.924397,35400
2015-04-29,52.480000,52.580002,51.889999,52.029999,47.423069,9300
2015-04-30,51.860001,51.959999,51.330002,51.419998,46.867085,23200
2015-05-01,51.599998,52.009998,51.580002,51.950001,47.350170,64200
2015-05-04,51.669998,52.250000,51.669998,51.840000,47.249908,287300
2015-05-05,51.689999,51.869999,51.299999,51.419998,46.867085,427600
2015-05-06,51.439999,51.639999,51.209999,51.529999,46.967350,142700
2015-05-07,51.610001,52.040001,51.490002,51.980000,47.377506,92100
2015-05-08,52.090000,52.619999,52.090000,52.250000,47.623600,38700
2015-05-11,52.220001,52.650002,52.220001,52.320000,47.687401,18400
2015-05-12,52.160000,52.250000,51.669998,52.169998,47.550686,65600
2015-05-13,52.380001,52.470001,52.090000,52.220001,47.596252,13200
2015-05-14,52.580002,53.049999,52.430000,52.990002,48.298077,18500
2015-05-15,53.029999,53.230000,53.000000,53.209999,48.498600,6100
2015-05-18,53.180000,53.310001,53.080002,53.200001,48.489479,31400
2015-05-19,53.090000,53.360001,53.090000,53.290001,48.571514,26400
2015-05-20,53.119999,53.540001,53.119999,53.380001,48.653542,16700
2015-05-21,53.400002,53.430000,53.230000,53.299999,48.580631,15000
2015-05-22,53.290001,53.290001,53.110001,53.110001,48.407452,4900
2015-05-26,53.099998,53.099998,52.639999,52.700001,48.033768,5500
2015-05-27,52.820000,53.209999,52.820000,53.209999,48.498600,4800
2015-05-28,53.220001,53.220001,53.110001,53.200001,48.489479,4900
2015-05-29,53.160000,53.169998,52.849998,53.009998,48.316307,12500
2015-06-01,52.799999,53.020000,52.630001,52.950001,48.261623,16500
2015-06-02,52.650002,52.830002,52.639999,52.700001,48.033768,3400
2015-06-03,52.820000,52.950001,52.750000,52.930000,48.243389,3500
2015-06-04,52.889999,52.900002,52.580002,52.599998,47.942612,12100
2015-06-05,52.480000,52.480000,52.240002,52.349998,47.714741,10300
2015-06-08,52.430000,52.490002,52.240002,52.450001,47.805885,13300
2015-06-09,52.360001,52.450001,52.230000,52.310001,47.678284,7500
2015-06-10,52.459999,53.020000,52.459999,53.020000,48.325417,2500
2015-06-11,53.029999,53.250000,53.029999,53.049999,48.352776,7800
2015-06-12,52.910000,53.049999,52.910000,52.950001,48.261623,3000
2015-06-15,52.900002,52.900002,52.450001,52.700001,48.033768,7100
2015-06-16,52.619999,53.340000,52.619999,53.340000,48.617092,8900
2015-06-17,53.590000,53.599998,53.330002,53.580002,48.835838,6500
2015-06-18,54.009998,54.340000,54.009998,54.330002,49.519417,2200
2015-06-19,54.400002,54.439999,54.320000,54.320000,49.640984,2800
2015-06-22,54.110001,55.040001,54.110001,54.540001,49.842022,7800
2015-06-23,54.500000,54.610001,54.349998,54.590000,49.887707,2700
2015-06-24,54.500000,54.660000,54.180000,54.270000,49.595280,4700
2015-06-25,54.320000,54.560001,54.160000,54.480000,49.787193,4300
2015-06-26,54.639999,54.689999,54.500000,54.549999,49.851154,40400
2015-06-29,54.020000,54.049999,53.500000,53.580002,48.964714,24000
2015-06-30,53.660000,53.849998,53.599998,53.599998,48.982986,94100
2015-07-01,53.980000,54.200001,53.810001,54.200001,49.531315,10700
2015-07-02,54.410000,54.410000,53.599998,53.810001,49.174896,8400
2015-07-06,53.470001,54.070000,53.470001,53.900002,49.257160,788000
2015-07-07,54.110001,54.509998,53.560001,54.500000,49.805462,245700
2015-07-08,54.330002,54.400002,53.709999,53.869999,49.229733,117300
2015-07-09,54.270000,54.450001,53.790001,53.830002,49.193192,78000
2015-07-10,54.349998,54.509998,54.189999,54.480000,49.787193,78200
2015-07-13,54.950001,55.040001,54.770000,55.040001,50.298965,68300
2015-07-14,55.150002,55.360001,54.939999,55.090000,50.344658,96700
2015-07-15,55.220001,55.220001,54.820000,54.860001,50.134468,132900
2015-07-16,55.299999,55.430000,55.119999,55.389999,50.618809,70700
2015-07-17,55.349998,55.349998,55.099998,55.240002,50.481716,62500
2015-07-20,55.209999,55.500000,55.119999,55.480000,50.701057,84500
2015-07-21,55.669998,55.669998,54.959999,55.169998,50.417759,63600
2015-07-22,55.310001,55.549999,55.209999,55.500000,50.719330,55300
2015-07-23,55.900002,55.900002,55.060001,55.090000,50.344658,59500
2015-07-24,55.480000,55.480000,54.669998,54.799999,50.079624,34000
2015-07-27,55.090000,55.090000,54.400002,54.650002,49.942551,88300
2015-07-28,55.000000,55.470001,54.730000,55.450001,50.673649,52600
2015-07-29,55.970001,56.480000,55.599998,55.980000,51.157993,99500
2015-07-30,56.029999,56.650002,55.889999,56.560001,51.688023,73700
2015-07-31,56.930000,57.090000,56.770000,56.860001,51.962185,42900
2015-08-03,56.860001,57.139999,56.799999,57.139999,52.218071,62000
2015-08-04,57.320000,57.419998,57.020000,57.299999,52.364285,96000
2015-08-05,57.709999,58.439999,57.709999,58.410000,53.378681,112600
2015-08-06,58.790001,58.790001,57.430000,57.500000,52.547058,123200
2015-08-07,58.009998,58.009998,57.389999,57.730000,52.757240,38300
2015-08-10,58.000000,58.509998,57.860001,57.939999,52.949146,80500
2015-08-11,58.180000,58.180000,57.439999,57.639999,52.674992,47100
2015-08-12,57.049999,57.509998,56.709999,57.480000,52.528782,89600
2015-08-13,57.849998,58.009998,57.500000,57.820000,52.839497,37600
2015-08-14,57.980000,58.200001,57.650002,58.200001,53.186760,34500
2015-08-17,58.270000,58.439999,57.830002,58.430000,53.396942,266900
2015-08-18,58.619999,58.619999,58.130001,58.180000,53.168484,207100
2015-08-19,58.689999,58.689999,57.549999,57.799999,52.821217,35600
2015-08-20,57.730000,57.730000,56.830002,56.830002,51.934772,28500
2015-08-21,56.070000,56.259998,55.369999,55.380001,50.609669,73900
2015-08-24,54.830002,54.830002,37.830002,53.709999,49.083519,177600
2015-08-25,54.500000,55.270000,53.130001,53.160000,48.580891,100700
2015-08-26,53.689999,54.549999,52.990002,54.490002,49.796333,99700
2015-08-27,55.049999,55.630001,54.650002,55.400002,50.627968,165400
2015-08-28,55.310001,55.849998,55.119999,55.490002,50.710182,35300
2015-08-31,55.430000,55.540001,55.070000,55.299999,50.536549,97300
2015-09-01,54.040001,54.430000,53.740002,53.810001,49.174896,65700
2015-09-02,54.910000,54.910000,54.020000,54.540001,49.842022,57500
2015-09-03,54.590000,55.340000,54.590000,54.990002,50.253265,119300
2015-09-04,54.380001,54.619999,54.110001,54.480000,49.787193,16100
2015-09-08,55.279999,55.709999,54.950001,55.709999,50.911240,69900
2015-09-09,56.180000,56.279999,54.980000,55.009998,50.271545,42800
2015-09-10,54.939999,55.419998,54.799999,55.009998,50.271545,24100
2015-09-11,54.950001,55.400002,54.779999,55.400002,50.627968,151500
2015-09-14,55.470001,55.470001,55.029999,55.130001,50.381203,31200
2015-09-15,55.310001,55.830002,55.060001,55.720001,50.920380,85200
2015-09-16,56.130001,56.259998,55.840000,56.259998,51.413868,34600
2015-09-17,56.639999,57.070000,56.150002,56.380001,51.523533,156300
2015-09-18,56.310001,56.310001,55.439999,55.439999,50.710373,30400
2015-09-21,55.980000,56.150002,55.619999,55.759998,51.003067,43200
2015-09-22,59.430000,59.430000,54.849998,55.200001,50.490852,129700
2015-09-23,55.299999,55.369999,55.009998,55.259998,50.545731,26900
2015-09-24,54.959999,55.169998,54.720001,55.169998,50.463409,23300
2015-09-25,55.450001,55.849998,55.090000,55.259998,50.545731,44100
2015-09-28,54.810001,54.939999,53.480000,53.650002,49.073082,35500
2015-09-29,53.650002,53.740002,52.959999,53.299999,48.752941,70200
2015-09-30,53.680000,53.970001,53.369999,53.880001,49.283463,54600
2015-10-01,53.889999,54.040001,53.459999,54.040001,49.429817,22300
2015-10-02,53.599998,54.700001,53.480000,54.700001,50.033501,21800
2015-10-05,55.000000,55.650002,55.000000,55.599998,50.856720,190000
2015-10-06,55.500000,55.689999,54.840000,54.919998,50.234734,93100
2015-10-07,55.290001,55.400002,54.779999,55.349998,50.628056,95700
2015-10-08,55.220001,55.919998,55.160000,55.880001,51.112835,92700
2015-10-09,55.900002,56.439999,55.900002,56.400002,51.588474,395700
2015-10-12,56.340000,56.770000,56.340000,56.720001,51.881168,109600
2015-10-13,56.549999,56.709999,56.150002,56.189999,51.396397,466400
2015-10-14,56.340000,56.340000,55.389999,55.480000,50.746956,44400
2015-10-15,55.650002,55.790001,55.250000,55.790001,51.030506,50800
2015-10-16,55.849998,56.299999,55.849998,56.240002,51.442123,120000
2015-10-19,56.180000,56.430000,56.099998,56.369999,51.561031,71600
2015-10-20,56.270000,56.480000,56.169998,56.330002,51.524452,95100
2015-10-21,56.509998,56.560001,56.020000,56.029999,51.250042,104200
2015-10-22,56.360001,56.919998,56.330002,56.919998,52.064114,128200
2015-10-23,57.310001,57.310001,56.700001,56.959999,52.100708,130300
2015-10-26,56.889999,56.970001,56.810001,56.919998,52.064114,209300
2015-10-27,56.700001,56.779999,56.349998,56.549999,51.725670,75600
2015-10-28,56.610001,57.279999,56.500000,57.279999,52.393406,175700
2015-10-29,57.189999,57.189999,56.580002,56.730000,51.890316,154700
2015-10-30,56.830002,57.070000,56.730000,56.750000,51.908615,63200
2015-11-02,56.900002,57.169998,56.750000,57.049999,52.183018,170700
2015-11-03,57.000000,57.070000,56.619999,56.820000,51.972641,145200
2015-11-04,56.970001,57.130001,56.290001,56.310001,51.506149,111100
2015-11-05,56.419998,56.720001,56.369999,56.619999,51.789707,91900
2015-11-06,56.709999,57.040001,56.549999,57.040001,52.173874,54300
2015-11-09,57.000000,57.000000,56.299999,56.540001,51.716526,216100
2015-11-10,56.380001,56.939999,56.380001,56.939999,52.082401,76900
2015-11-11,57.020000,57.139999,56.790001,56.799999,51.954346,24900
2015-11-12,56.439999,56.439999,55.830002,55.849998,51.085384,42900
2015-11-13,55.720001,55.790001,55.279999,55.299999,50.582310,42300
2015-11-16,55.200001,55.840000,55.200001,55.830002,51.067093,28900
2015-11-17,56.099998,56.209999,55.669998,55.810001,51.048813,40500
2015-11-18,56.360001,56.639999,55.810001,56.599998,51.771412,46900
2015-11-19,56.639999,56.790001,56.369999,56.490002,51.670799,77600
2015-11-20,56.860001,57.049999,56.639999,56.669998,51.835442,23600
2015-11-23,56.770000,57.299999,56.770000,57.180000,52.301926,269700
2015-11-24,57.919998,57.919998,56.820000,57.230000,52.347660,513600
2015-11-25,57.369999,57.860001,57.369999,57.750000,52.823292,18500
2015-11-27,57.849998,58.099998,57.799999,57.980000,53.033672,9400
2015-11-30,58.099998,58.099998,57.200001,57.209999,52.329369,49500
2015-12-01,57.439999,57.730000,57.290001,57.720001,52.795864,33800
2015-12-02,57.660000,57.779999,57.270000,57.349998,52.457424,38800
2015-12-03,57.439999,57.660000,56.400002,56.590000,51.762268,43600
2015-12-04,56.680000,57.669998,56.680000,57.669998,52.750122,48800
2015-12-07,57.630001,57.830002,57.230000,57.650002,52.731842,71600
2015-12-08,57.290001,57.689999,57.130001,57.619999,52.704380,44900
2015-12-09,57.419998,57.849998,56.759998,56.910000,52.054974,52400
2015-12-10,56.889999,57.220001,56.790001,56.900002,52.045815,22200
2015-12-11,56.320000,56.599998,55.910000,56.040001,51.259186,21400
2015-12-14,55.959999,56.320000,55.639999,56.209999,51.414677,47600
2015-12-15,56.470001,57.009998,56.470001,56.840000,51.990936,43700
2015-12-16,57.090000,57.849998,57.090000,57.770000,52.841602,118700
2015-12-17,57.810001,57.849998,57.119999,57.180000,52.301926,27700
2015-12-18,56.790001,56.959999,56.099998,56.099998,51.453537,37300
2015-12-21,56.490002,56.669998,56.250000,56.610001,51.921303,28400
2015-12-22,56.849998,57.200001,56.450001,57.150002,52.416576,59700
2015-12-23,57.380001,57.630001,57.349998,57.599998,52.829308,32100
2015-12-24,57.470001,57.470001,57.330002,57.380001,52.627525,3700
2015-12-28,57.220001,57.340000,56.959999,57.330002,52.581673,30100
2015-12-29,57.580002,57.820000,57.549999,57.700001,52.921024,26400
2015-12-30,57.660000,57.660000,57.369999,57.369999,52.618351,35000
2015-12-31,57.230000,57.240002,56.750000,56.790001,52.086391,118700
2016-01-04,55.990002,55.990002,55.349998,55.590000,50.985783,49800
2016-01-05,55.799999,56.200001,55.799999,56.169998,51.517746,83700
2016-01-06,55.540001,56.189999,55.540001,55.980000,51.343487,47900
2016-01-07,55.310001,55.740002,54.930000,55.040001,50.481342,51900
2016-01-08,55.340000,55.340000,54.660000,54.750000,50.215355,71200
2016-01-11,54.970001,55.279999,54.590000,55.220001,50.646427,76200
2016-01-12,55.580002,55.790001,55.119999,55.720001,51.105019,49000
2016-01-13,55.860001,55.860001,53.880001,53.950001,49.481617,73700
2016-01-14,54.060001,54.590000,53.650002,54.259998,49.765938,230800
2016-01-15,53.220001,53.610001,52.680000,53.360001,48.940483,43400
2016-01-19,53.869999,53.869999,53.000000,53.450001,49.023037,131500
2016-01-20,52.730000,53.290001,51.570000,52.869999,48.491058,101100
2016-01-21,53.060001,53.160000,52.560001,52.869999,48.491058,63500
2016-01-22,53.439999,54.020000,53.250000,53.980000,49.509132,25500
2016-01-25,53.869999,53.950001,53.439999,53.450001,49.023037,21500
2016-01-26,53.610001,54.330002,53.610001,54.090000,49.610020,16500
2016-01-27,54.029999,54.470001,53.500000,53.779999,49.325687,20900
2016-01-28,54.090000,54.310001,53.830002,54.209999,49.720081,42600
2016-01-29,54.389999,55.639999,54.389999,55.639999,51.031643,44000
2016-02-01,55.450001,56.160000,55.419998,55.930000,51.297626,88900
2016-02-02,55.570000,55.580002,55.139999,55.299999,50.719799,72900
2016-02-03,55.480000,55.509998,54.200001,54.770000,50.233704,90400
2016-02-04,54.500000,54.529999,53.820000,54.040001,49.564159,29100
2016-02-05,54.070000,54.250000,53.130001,53.209999,48.802910,50200
2016-02-08,52.790001,52.790001,51.990002,52.520000,48.170055,205400
2016-02-09,52.139999,53.220001,52.139999,52.869999,48.491058,51100
2016-02-10,53.139999,53.730000,53.020000,53.070000,48.674492,40100
2016-02-11,52.439999,52.869999,52.110001,52.650002,48.289288,76500
2016-02-12,53.049999,53.360001,52.910000,53.349998,48.931316,141200
2016-02-16,53.930000,54.500000,53.770000,54.430000,49.921856,40900
2016-02-17,54.619999,54.959999,54.570000,54.830002,50.288731,20100
2016-02-18,54.820000,54.820000,54.200001,54.580002,50.059429,26700
2016-02-19,54.439999,54.869999,54.189999,54.830002,50.288731,18900
2016-02-22,55.240002,55.450001,55.130001,55.180000,50.609737,51000
2016-02-23,55.110001,55.389999,55.020000,55.259998,50.683117,31300
2016-02-24,54.950001,55.669998,54.619999,55.619999,51.013302,25900
2016-02-25,55.750000,56.139999,55.490002,56.139999,51.490234,34600
2016-02-26,56.570000,56.570000,55.869999,56.009998,51.370998,24700
2016-02-29,56.020000,56.160000,55.669998,55.669998,51.059158,23800
2016-03-01,55.889999,56.340000,55.840000,56.209999,51.554436,86300
2016-03-02,56.180000,56.310001,55.950001,56.310001,51.646149,115200
2016-03-03,56.169998,56.540001,55.880001,56.520000,51.838757,127800
2016-03-04,56.250000,56.540001,56.080002,56.419998,51.747040,23900
2016-03-07,56.189999,56.340000,56.009998,56.160000,51.508575,43900
2016-03-08,55.959999,56.310001,55.910000,55.990002,51.352665,29100
2016-03-09,56.459999,56.459999,55.990002,56.209999,51.554436,75000
2016-03-10,56.439999,56.560001,55.709999,56.090000,51.444374,111600
2016-03-11,56.439999,56.520000,56.279999,56.480000,51.802074,33700
2016-03-14,56.439999,56.439999,56.200001,56.369999,51.701180,39000
2016-03-15,56.049999,56.500000,56.049999,56.299999,51.636982,26200
2016-03-16,56.250000,56.810001,56.130001,56.709999,52.013023,34700
2016-03-17,56.599998,56.980000,56.570000,56.869999,52.159767,33500
2016-03-18,57.020000,57.189999,56.799999,56.930000,52.214794,41900
2016-03-21,56.830002,56.830002,56.610001,56.680000,51.985508,22600
2016-03-22,56.490002,56.660000,56.299999,56.490002,51.811241,49100
2016-03-23,56.160000,56.540001,56.160000,56.299999,51.636982,83000
2016-03-24,56.110001,56.130001,55.810001,56.049999,51.407677,15100
2016-03-28,56.220001,56.529999,56.060001,56.389999,51.719517,74900
2016-03-29,56.400002,57.080002,56.400002,57.029999,52.306519,21100
2016-03-30,57.270000,57.299999,57.000000,57.040001,52.315681,44100
2016-03-31,57.029999,57.130001,56.910000,56.990002,52.269840,23100
2016-04-01,56.750000,57.419998,56.720001,57.419998,52.664223,15700
2016-04-04,57.369999,57.369999,56.880001,56.970001,52.251484,55400
2016-04-05,56.770000,56.910000,56.639999,56.700001,52.003853,37300
2016-04-06,56.869999,57.230000,56.720001,57.230000,52.489944,53500
2016-04-07,57.020000,57.299999,56.450001,56.720001,52.022198,43100
2016-04-08,56.889999,57.080002,56.730000,56.849998,52.141418,12300
2016-04-11,57.110001,57.160000,56.459999,56.459999,51.783730,25000
2016-04-12,56.500000,56.820000,56.419998,56.730000,52.031364,27700
2016-04-13,56.959999,56.959999,56.279999,56.470001,51.792896,23000
2016-04-14,56.439999,56.599998,56.090000,56.130001,51.481064,22700
2016-04-15,56.040001,56.419998,56.040001,56.410000,51.737869,41300
2016-04-18,56.349998,56.599998,56.240002,56.520000,51.838757,77100
2016-04-19,56.680000,56.680000,56.450001,56.560001,51.875439,19600
2016-04-20,56.419998,56.490002,56.150002,56.180000,51.526913,57600
2016-04-21,56.080002,56.080002,55.200001,55.200001,50.628086,48100
2016-04-22,54.990002,55.240002,54.939999,55.230000,50.655594,17100
2016-04-25,55.160000,55.580002,54.939999,55.529999,50.930744,14800
2016-04-26,55.669998,55.820000,55.509998,55.580002,50.976612,35600
2016-04-27,55.630001,55.849998,55.349998,55.750000,51.132530,30100
2016-04-28,55.439999,56.169998,55.439999,55.860001,51.233418,45500
2016-04-29,55.900002,56.290001,55.680000,56.049999,51.407677,35100
2016-05-02,56.070000,56.660000,56.070000,56.599998,51.912132,39600
2016-05-03,56.330002,56.500000,55.840000,55.970001,51.334312,14600
2016-05-04,55.750000,56.099998,55.500000,55.939999,51.306797,68200
2016-05-05,56.040001,56.400002,55.790001,55.939999,51.306797,18500
2016-05-06,56.020000,56.540001,55.900002,56.520000,51.838757,42000
2016-05-09,56.500000,56.970001,56.500000,56.900002,52.187279,48700
2016-05-10,57.279999,57.549999,57.169998,57.529999,52.765102,24200
2016-05-11,57.310001,57.580002,57.049999,57.099998,52.370724,30500
2016-05-12,57.340000,57.529999,57.080002,57.419998,52.664223,12400
2016-05-13,57.369999,57.389999,56.810001,56.990002,52.269840,25400
2016-05-16,56.959999,57.290001,56.959999,57.230000,52.489944,19800
2016-05-17,57.000000,57.000000,56.080002,56.169998,51.517746,43100
2016-05-18,55.959999,56.070000,55.380001,55.660000,51.049984,79600
2016-05-19,55.680000,55.840000,55.380001,55.759998,51.141708,36600
2016-05-20,55.790001,55.820000,55.540001,55.619999,51.013302,52200
2016-05-23,55.689999,55.880001,55.520000,55.759998,51.141708,30700
2016-05-24,56.080002,56.639999,56.080002,56.560001,51.875439,32900
2016-05-25,56.580002,56.610001,56.400002,56.470001,51.792896,31300
2016-05-26,56.509998,56.799999,56.509998,56.770000,52.068054,29400
2016-05-27,56.889999,56.900002,56.730000,56.830002,52.123081,9800
2016-05-31,56.910000,56.910000,56.389999,56.630001,51.939640,11500
2016-06-01,56.439999,57.080002,56.439999,57.080002,52.352383,19900
2016-06-02,57.040001,57.150002,56.830002,57.119999,52.389057,29700
2016-06-03,57.200001,57.279999,57.080002,57.220001,52.480793,18200
2016-06-06,57.230000,57.450001,57.130001,57.439999,52.682556,26500
2016-06-07,57.419998,57.660000,57.400002,57.400002,52.645874,13600
2016-06-08,57.490002,57.680000,57.419998,57.619999,52.847641,20900
2016-06-09,57.630001,57.950001,57.529999,57.889999,53.095284,23400
2016-06-10,57.580002,57.689999,57.310001,57.459999,52.700897,32100
2016-06-13,57.299999,57.360001,56.750000,56.759998,52.058872,11900
2016-06-14,56.700001,56.919998,56.470001,56.889999,52.178108,9400
2016-06-15,57.029999,57.130001,56.820000,56.910000,52.196453,12000
2016-06-16,56.830002,57.180000,56.660000,57.180000,52.444092,105100
2016-06-17,56.880001,56.880001,56.410000,56.540001,52.151703,13300
2016-06-20,56.830002,57.450001,56.830002,57.049999,52.622108,31100
2016-06-21,57.230000,57.330002,57.180000,57.220001,52.778927,18300
2016-06-22,57.169998,57.430000,57.060001,57.060001,52.631344,24100
2016-06-23,57.419998,57.610001,57.330002,57.610001,53.138649,7600
2016-06-24,56.330002,57.070000,55.549999,56.259998,51.893429,19900
2016-06-27,56.070000,56.070000,55.430000,55.840000,51.506027,27600
2016-06-28,56.240002,56.340000,55.980000,56.340000,51.967232,28000
2016-06-29,56.650002,57.009998,56.650002,57.009998,52.585217,14900
2016-06-30,57.230000,58.419998,57.180000,58.419998,53.885773,24400
2016-07-01,58.360001,58.639999,58.119999,58.150002,53.636730,17400
2016-07-05,58.139999,58.570000,58.139999,58.369999,53.839664,10000
2016-07-06,58.400002,58.490002,58.110001,58.410000,53.876556,14500
2016-07-07,58.509998,58.590000,58.099998,58.290001,53.765873,25600
2016-07-08,58.410000,58.880001,58.209999,58.880001,54.310089,106700
2016-07-11,58.889999,58.919998,58.619999,58.709999,54.153282,22000
2016-07-12,58.750000,58.900002,58.410000,58.509998,53.968796,53800
2016-07-13,58.599998,58.660000,58.450001,58.560001,54.014919,12800
2016-07-14,58.520000,58.820000,58.509998,58.529999,53.987247,10700
2016-07-15,58.580002,58.740002,58.540001,58.669998,54.116383,18900
2016-07-18,58.639999,58.700001,58.490002,58.560001,54.014919,12900
2016-07-19,58.419998,58.560001,58.369999,58.560001,54.014919,11700
2016-07-20,58.619999,58.650002,58.500000,58.520000,53.978031,8900
2016-07-21,58.290001,58.340000,58.040001,58.250000,53.728981,7500
2016-07-22,58.320000,58.759998,58.320000,58.689999,54.134834,11100
2016-07-25,58.560001,58.770000,58.490002,58.630001,54.079491,13900
2016-07-26,58.669998,58.720001,58.189999,58.240002,53.719761,8800
2016-07-27,58.349998,58.349998,57.369999,57.619999,53.147877,27500
2016-07-28,57.639999,58.459999,57.639999,58.369999,53.839664,12500
2016-07-29,58.490002,59.150002,58.490002,58.990002,54.411552,17400
2016-08-01,58.959999,59.139999,58.959999,59.020000,54.439220,7600
2016-08-02,58.939999,58.939999,58.470001,58.590000,54.042587,3900
2016-08-03,58.560001,58.560001,58.160000,58.200001,53.682861,8500
2016-08-04,58.349998,58.599998,58.349998,58.590000,54.042587,12900
2016-08-05,58.759998,58.900002,58.639999,58.709999,54.153282,6500
2016-08-08,58.830002,58.830002,58.490002,58.660000,54.107155,57900
2016-08-09,58.590000,58.900002,58.590000,58.669998,54.116383,11600
2016-08-10,58.650002,58.970001,58.650002,58.930000,54.356205,13900
2016-08-11,59.110001,59.110001,58.810001,58.910000,54.337757,10100
2016-08-12,58.900002,59.049999,58.900002,58.990002,54.411552,8900
2016-08-15,59.099998,59.099998,58.970001,58.980000,54.402321,36000
2016-08-16,58.849998,58.849998,58.349998,58.360001,53.830448,19900
2016-08-17,58.279999,58.369999,58.169998,58.299999,53.775101,11500
2016-08-18,58.330002,58.700001,58.330002,58.650002,54.097939,10600
2016-08-19,58.439999,58.610001,58.400002,58.540001,53.996471,96400
2016-08-22,58.580002,58.689999,58.509998,58.580002,54.033363,4400
2016-08-23,58.730000,58.730000,58.400002,58.430000,53.895016,12600
2016-08-24,58.369999,58.389999,58.130001,58.150002,53.636730,12300
2016-08-25,58.110001,58.340000,58.110001,58.180000,53.664410,7100
2016-08-26,58.430000,58.639999,57.950001,58.150002,53.636730,21900
2016-08-29,57.939999,58.389999,57.939999,58.369999,53.839664,6900
2016-08-30,58.119999,58.130001,57.869999,57.970001,53.470703,20000
2016-08-31,57.919998,57.919998,57.599998,57.840000,53.350800,9400
2016-09-01,57.750000,57.750000,57.400002,57.599998,53.129421,39300
2016-09-02,57.740002,58.119999,57.740002,58.099998,53.590611,9300
2016-09-06,58.110001,58.160000,57.820000,58.080002,53.572182,39900
2016-09-07,58.060001,58.060001,57.660000,57.860001,53.369251,11300
2016-09-08,57.630001,57.770000,57.369999,57.410000,52.954166,25800
2016-09-09,56.930000,56.930000,55.830002,55.830002,51.496803,24800
2016-09-12,55.669998,56.610001,55.240002,56.560001,52.170143,26700
2016-09-13,56.099998,56.299999,55.630001,55.830002,51.496803,28800
2016-09-14,55.849998,56.090000,55.669998,55.709999,51.386120,25800
2016-09-15,55.930000,56.209999,55.910000,56.200001,51.838100,5500
2016-09-16,55.889999,55.889999,55.580002,55.820000,51.619850,8600
2016-09-19,55.950001,56.160000,55.900002,55.939999,51.730812,16300
2016-09-20,56.209999,56.209999,55.930000,56.009998,51.795544,7800
2016-09-21,56.000000,56.560001,55.810001,56.560001,52.304161,10500
2016-09-22,56.709999,57.029999,56.709999,57.009998,52.720303,96000
2016-09-23,56.740002,56.770000,56.570000,56.570000,52.313412,34700
2016-09-26,56.430000,56.430000,56.209999,56.220001,51.989746,10400
2016-09-27,56.230000,56.389999,56.119999,56.200001,51.971260,11500
2016-09-28,56.250000,56.290001,55.919998,56.189999,51.961998,42700
2016-09-29,56.139999,56.320000,55.790001,56.009998,51.795544,52900
2016-09-30,56.139999,56.590000,56.080002,56.400002,52.156200,9700
2016-10-03,56.290001,56.290001,56.049999,56.160000,51.934265,7700
2016-10-04,56.119999,56.119999,55.529999,55.650002,51.462643,16500
2016-10-05,55.700001,56.009998,55.700001,55.959999,51.749317,24100
2016-10-06,55.910000,56.180000,55.910000,56.130001,51.906528,9100
2016-10-07,55.970001,56.000000,55.490002,55.810001,51.610592,11200
2016-10-10,56.040001,56.299999,56.009998,56.150002,51.925007,13100
2016-10-11,56.020000,56.020000,55.340000,55.419998,51.249939,5200
2016-10-12,55.700001,55.939999,55.669998,55.840000,51.638340,18100
2016-10-13,55.439999,56.049999,55.419998,55.779999,51.582870,73100
2016-10-14,55.799999,56.000000,55.680000,55.730000,51.536621,12200
2016-10-17,55.630001,55.720001,55.540001,55.619999,51.434891,19400
2016-10-18,55.990002,56.220001,55.860001,56.000000,51.786301,29700
2016-10-19,55.900002,55.900002,55.689999,55.790001,51.592094,27600
2016-10-20,55.759998,55.759998,55.360001,55.400002,51.231457,5800
2016-10-21,55.570000,55.889999,55.570000,55.830002,51.629089,7800
2016-10-24,56.029999,56.209999,56.029999,56.139999,51.915768,9700
2016-10-25,56.189999,56.230000,55.959999,55.959999,51.749317,43000
2016-10-26,55.400002,55.680000,55.340000,55.439999,51.268436,12200
2016-10-27,55.500000,55.500000,54.619999,54.730000,50.611862,39500
2016-10-28,54.349998,55.230000,54.349998,54.900002,50.769073,10000
2016-10-31,54.910000,55.000000,54.860001,54.919998,50.787563,9500
2016-11-01,55.090000,55.090000,54.500000,54.709999,50.593361,18400
2016-11-02,54.630001,54.970001,54.450001,54.459999,50.362171,39300
2016-11-03,54.299999,54.299999,53.740002,53.799999,49.751842,9500
2016-11-04,53.759998,53.869999,53.389999,53.400002,49.381943,41300
2016-11-07,53.700001,54.430000,53.700001,54.349998,50.260448,66100
2016-11-08,54.349998,55.060001,54.349998,54.880001,50.750580,59000
2016-11-09,53.740002,54.400002,52.470001,54.400002,50.306698,256700
2016-11-10,54.400002,54.400002,52.750000,52.820000,48.845581,71700
2016-11-11,52.660000,53.250000,52.470001,53.180000,49.178493,21100
2016-11-14,53.049999,53.160000,52.840000,53.029999,49.039772,193200
2016-11-15,52.610001,53.320000,52.610001,53.189999,49.187737,19500
2016-11-16,53.240002,53.560001,53.200001,53.560001,49.529896,9800
2016-11-17,53.290001,53.490002,53.099998,53.439999,49.418930,67600
2016-11-18,53.349998,53.419998,53.200001,53.349998,49.335693,19500
2016-11-21,53.160000,53.430000,53.160000,53.430000,49.409676,12900
2016-11-22,53.259998,53.810001,53.259998,53.700001,49.659359,19300
2016-11-23,53.400002,53.580002,53.389999,53.580002,49.548401,35000
2016-11-25,53.500000,53.869999,53.500000,53.830002,49.779594,6900
2016-11-28,53.790001,54.049999,53.619999,53.790001,49.742599,9200
2016-11-29,53.860001,54.049999,53.790001,53.910000,49.853561,13100
2016-11-30,53.669998,53.980000,52.930000,52.930000,48.947296,26300
2016-12-01,52.490002,52.500000,51.779999,51.939999,48.031792,150600
2016-12-02,51.970001,52.270000,51.970001,52.150002,48.225994,19400
2016-12-05,52.310001,52.700001,52.310001,52.700001,48.734608,716600
2016-12-06,52.700001,52.990002,52.650002,52.990002,49.002789,322600
2016-12-07,52.740002,53.540001,52.740002,53.419998,49.400433,1531000
2016-12-08,53.150002,53.840000,53.150002,53.730000,49.687099,129300
2016-12-09,53.500000,54.310001,53.500000,54.259998,50.177223,98200
2016-12-12,53.810001,54.240002,53.810001,53.970001,49.909061,23000
2016-12-13,53.869999,54.400002,53.869999,54.250000,50.167984,19300
2016-12-14,54.180000,54.259998,53.689999,53.709999,49.668617,19600
2016-12-15,53.619999,53.950001,53.520000,53.919998,49.862808,31700
2016-12-16,53.029999,53.580002,53.029999,53.430000,50.012577,20900
2016-12-19,53.619999,53.619999,53.400002,53.470001,50.050014,21700
2016-12-20,53.410000,53.869999,53.410000,53.869999,50.424423,24200
2016-12-21,53.730000,54.220001,53.730000,54.080002,50.621014,16400
2016-12-22,54.029999,54.029999,53.680000,53.849998,50.405724,20500
2016-12-23,53.750000,54.049999,53.750000,54.049999,50.592930,9200
2016-12-27,54.119999,54.250000,54.020000,54.150002,50.686516,15000
2016-12-28,53.990002,54.009998,53.750000,53.790001,50.349556,8200
2016-12-29,53.799999,53.990002,53.799999,53.990002,50.536755,5000
2016-12-30,54.049999,54.049999,53.509998,53.619999,50.190418,21500
2017-01-03,53.970001,54.040001,53.639999,53.900002,50.452518,22700
2017-01-04,54.020000,54.380001,54.020000,54.369999,50.892460,27900
2017-01-05,54.240002,54.240002,53.970001,54.119999,50.658443,9700
2017-01-06,53.980000,54.160000,53.889999,53.939999,50.489960,39700
2017-01-09,54.250000,54.259998,54.029999,54.139999,50.677166,23100
2017-01-10,54.060001,54.119999,53.910000,54.000000,50.546124,21300
2017-01-11,53.959999,54.060001,53.779999,53.990002,50.536755,12700
2017-01-12,53.770000,53.889999,53.509998,53.830002,50.387001,10900
2017-01-13,53.650002,54.029999,53.650002,53.939999,50.489960,15100
2017-01-17,53.740002,54.310001,53.740002,54.200001,50.733337,25800
2017-01-18,54.200001,54.459999,54.200001,54.419998,50.939255,4700
2017-01-19,54.340000,54.430000,54.029999,54.139999,50.677166,8200
2017-01-20,54.349998,54.419998,54.139999,54.349998,50.873730,6500
2017-01-23,54.299999,54.320000,54.139999,54.320000,50.845642,7100
2017-01-24,54.419998,54.849998,54.389999,54.810001,51.304310,9700
2017-01-25,54.919998,55.180000,54.919998,55.060001,51.538334,15300
2017-01-26,55.240002,55.240002,55.009998,55.040001,51.519596,12200
2017-01-27,55.009998,55.009998,54.790001,54.900002,51.388554,9000
2017-01-30,54.869999,54.869999,54.459999,54.799999,51.294956,6500
2017-01-31,54.799999,55.090000,54.700001,55.090000,51.566395,5700
2017-02-01,55.080002,55.080002,54.799999,55.029999,51.510250,10400
2017-02-02,54.950001,55.209999,54.950001,55.070000,51.547680,3900
2017-02-03,55.200001,55.549999,55.160000,55.470001,51.922092,14600
2017-02-06,55.310001,55.310001,54.869999,54.869999,51.360466,3300
2017-02-07,55.279999,55.410000,55.189999,55.410000,51.865932,5600
2017-02-08,55.310001,55.400002,55.220001,55.360001,51.819138,4700
2017-02-09,55.549999,56.040001,55.549999,55.970001,52.390121,6700
2017-02-10,56.029999,56.160000,56.029999,56.150002,52.558605,3100
2017-02-13,56.130001,56.169998,56.020000,56.040001,52.455635,3800
2017-02-14,55.889999,56.189999,55.779999,56.139999,52.549248,7100
2017-02-15,56.060001,56.410000,56.029999,56.400002,52.792622,6700
2017-02-16,56.220001,56.349998,56.099998,56.349998,52.745811,4800
2017-02-17,56.139999,56.480000,56.000000,56.450001,52.839417,7700
2017-02-21,56.590000,57.000000,56.590000,57.000000,53.354237,6200
2017-02-22,56.790001,56.910000,56.740002,56.900002,53.260635,11200
2017-02-23,57.020000,57.020000,56.759998,56.820000,53.185749,5900
2017-02-24,56.490002,56.970001,56.490002,56.970001,53.326153,4100
2017-02-27,57.000000,57.150002,56.980000,57.099998,53.447842,2200
2017-02-28,57.189999,57.439999,57.150002,57.150002,53.494644,6100
2017-03-01,57.540001,57.820000,57.540001,57.720001,54.028183,6100
2017-03-02,57.590000,57.700001,57.529999,57.619999,53.934574,2900
2017-03-03,57.439999,57.689999,57.430000,57.689999,54.000103,3900
2017-03-06,57.389999,57.509998,57.320000,57.490002,53.812908,2900
2017-03-07,57.389999,57.619999,57.360001,57.360001,53.691212,96900
2017-03-08,57.400002,57.400002,57.240002,57.360001,53.691212,4300
2017-03-09,57.549999,57.560001,57.369999,57.419998,53.747368,6400
2017-03-10,57.790001,57.810001,57.669998,57.810001,54.112438,2900
2017-03-13,57.779999,58.020000,57.779999,58.020000,54.308990,2700
2017-03-14,57.849998,58.040001,57.849998,58.040001,54.327724,2900
2017-03-15,58.150002,58.860001,58.150002,58.860001,55.095276,8400
2017-03-16,58.799999,58.820000,58.689999,58.770000,55.011028,1400
2017-03-17,58.910000,59.110001,58.900002,59.029999,55.254398,3400
2017-03-20,58.799999,59.000000,58.799999,58.980000,55.207596,1100
2017-03-21,58.700001,58.820000,58.610001,58.610001,54.861256,2300
2017-03-22,58.400002,58.610001,58.389999,58.599998,54.851902,3600
2017-03-23,58.480000,58.849998,58.480000,58.580002,54.833176,1800
2017-03-24,58.599998,58.599998,58.580002,58.580002,54.833176,800
2017-03-27,58.240002,58.630001,58.240002,58.590000,54.842537,4300
2017-03-28,58.480000,58.880001,58.400002,58.740002,54.982956,3300
2017-03-29,58.830002,58.990002,58.680000,58.990002,55.216957,2900
2017-03-30,59.060001,59.060001,58.860001,58.880001,55.114002,2600
2017-03-31,58.930000,59.099998,58.930000,58.930000,55.160797,4400
2017-04-03,59.090000,59.090000,58.480000,58.500000,54.758293,31800
2017-04-04,58.610001,58.619999,58.369999,58.590000,54.842537,23600
2017-04-05,58.919998,59.040001,58.400002,58.400002,54.664700,7900
2017-04-06,58.639999,58.889999,58.580002,58.750000,54.992302,1900
2017-04-07,58.889999,58.900002,58.779999,58.779999,55.020393,3900
2017-04-10,58.980000,59.040001,58.910000,59.020000,55.245033,8900
2017-04-11,58.779999,59.119999,58.779999,59.119999,55.338638,3600
2017-04-12,58.970001,59.099998,58.779999,58.849998,55.085911,5700
2017-04-13,58.779999,58.779999,58.459999,58.509998,54.767654,2600
2017-04-17,58.580002,59.029999,58.580002,59.029999,55.254398,1300
2017-04-18,58.860001,59.270000,58.860001,59.189999,55.404163,24900
2017-04-19,59.099998,59.570000,59.099998,59.349998,55.553928,9300
2017-04-20,59.369999,59.419998,59.299999,59.400002,55.600735,3300
2017-04-21,59.400002,59.400002,59.110001,59.139999,55.357365,1000
2017-04-24,59.480000,59.750000,59.480000,59.689999,55.872185,2200
2017-04-25,59.830002,59.880001,59.740002,59.799999,55.975151,5500
2017-04-26,59.619999,59.669998,59.580002,59.580002,55.769218,1400
2017-04-27,59.549999,59.830002,59.509998,59.520000,55.713055,2300
2017-04-28,59.270000,59.349998,59.250000,59.349998,55.553928,2500
2017-05-01,59.369999,59.419998,59.090000,59.119999,55.338638,57900
2017-05-02,58.939999,58.939999,58.580002,58.580002,54.833176,7400
2017-05-03,58.590000,58.590000,58.070000,58.240002,54.514927,2300
2017-05-04,58.330002,58.480000,58.299999,58.439999,54.702137,5600
2017-05-05,58.590000,58.880001,58.590000,58.880001,55.114002,9800
2017-05-08,59.189999,59.389999,59.139999,59.380001,55.582012,14600
2017-05-09,59.189999,59.259998,59.009998,59.009998,55.235672,1700
2017-05-10,58.950001,59.520000,58.950001,59.520000,55.713055,2900
2017-05-11,59.169998,59.439999,59.080002,59.439999,55.638172,4400
2017-05-12,59.419998,59.419998,59.040001,59.060001,55.282478,7100
2017-05-15,59.360001,59.520000,59.360001,59.520000,55.713055,2900
2017-05-16,59.599998,59.599998,59.230000,59.230000,55.441608,3600
2017-05-17,58.689999,58.779999,58.689999,58.779999,55.020393,1700
2017-05-18,58.540001,58.700001,58.419998,58.700001,54.945503,13600
2017-05-19,58.970001,59.130001,58.970001,59.040001,55.263767,1400
2017-05-22,58.910000,59.599998,58.910000,59.529999,55.722420,5300
2017-05-23,59.540001,59.740002,59.500000,59.500000,55.694344,4300
2017-05-24,59.709999,59.900002,59.599998,59.900002,56.068760,4100
2017-05-25,60.240002,60.240002,60.189999,60.189999,56.340202,1400
2017-05-26,60.220001,60.369999,60.220001,60.369999,56.508690,3800
2017-05-30,60.349998,60.349998,59.880001,60.080002,56.237244,1700
2017-05-31,60.310001,60.349998,60.160000,60.340000,56.480614,5700
2017-06-01,60.590000,61.189999,60.590000,61.189999,57.276241,2000
2017-06-02,61.410000,61.410000,61.080002,61.240002,57.323051,5800
2017-06-05,61.189999,61.189999,60.630001,60.700001,56.817581,3100
2017-06-06,60.560001,60.669998,60.529999,60.529999,56.658451,23800
2017-06-07,60.660000,60.660000,60.450001,60.590000,56.714622,2000
2017-06-08,60.779999,60.779999,60.060001,60.180000,56.330841,36900
2017-06-09,60.150002,60.290001,59.779999,60.009998,56.171719,2200
2017-06-12,59.810001,60.200001,59.810001,60.130001,56.284042,3600
2017-06-13,60.020000,60.560001,59.939999,60.560001,56.686531,8600
2017-06-14,60.650002,60.990002,60.520000,60.590000,56.714622,19500
2017-06-15,60.209999,60.779999,60.209999,60.779999,56.892471,2600
2017-06-16,60.540001,60.540001,59.990002,60.250000,56.492104,3100
2017-06-19,60.770000,60.770000,60.349998,60.490002,56.717140,8100
2017-06-20,60.439999,60.439999,60.060001,60.060001,56.313961,2400
2017-06-21,59.990002,60.020000,59.889999,59.889999,56.154552,1600
2017-06-22,59.680000,59.799999,59.650002,59.770000,56.042046,2100
2017-06-23,59.680000,59.959999,59.680000,59.830002,56.098301,1400
2017-06-26,59.980000,60.080002,59.980000,60.009998,56.267067,1900
2017-06-27,60.090000,60.090000,59.290001,59.320000,55.620098,6000
2017-06-28,59.459999,59.840000,59.459999,59.840000,56.107677,1900
2017-06-29,59.599998,59.599998,58.910000,59.130001,55.441956,32300
2017-06-30,59.230000,59.549999,59.230000,59.549999,55.835751,4100
2017-07-03,59.360001,59.630001,59.250000,59.250000,55.554470,1700
2017-07-05,59.049999,59.259998,59.049999,59.169998,55.479462,18600
2017-07-06,58.889999,58.939999,58.889999,58.939999,55.263813,1500
2017-07-07,58.939999,59.180000,58.939999,59.180000,55.488831,2300
2017-07-10,59.070000,59.189999,59.020000,59.020000,55.338814,2000
2017-07-11,58.730000,59.200001,58.730000,59.040001,55.357574,2100
2017-07-12,59.689999,59.709999,59.540001,59.709999,55.985783,3500
2017-07-13,59.610001,59.639999,59.529999,59.580002,55.863884,2000
2017-07-14,59.849998,60.139999,59.849998,60.139999,56.388958,1600
2017-07-17,60.200001,60.250000,60.090000,60.090000,56.342087,1400
2017-07-18,60.150002,60.240002,60.150002,60.230000,56.473354,600
2017-07-19,60.009998,60.610001,60.009998,60.599998,56.820267,1900
2017-07-20,60.700001,60.820000,60.700001,60.820000,57.026546,2300
2017-07-21,60.599998,60.680000,60.580002,60.639999,56.857769,2500
2017-07-24,60.450001,60.730000,60.450001,60.680000,56.895279,5600
2017-07-25,60.689999,60.759998,60.619999,60.680000,56.895279,4300
2017-07-26,61.040001,61.110001,60.630001,60.630001,56.848400,6900
2017-07-27,60.500000,60.740002,60.500000,60.709999,56.923416,3700
2017-07-28,60.240002,60.240002,60.009998,60.020000,56.276451,1800
2017-07-31,60.060001,60.130001,59.810001,59.910000,56.173313,2100
2017-08-01,60.000000,60.000000,59.709999,59.709999,55.985783,1700
2017-08-02,59.599998,59.840000,59.240002,59.590000,55.873272,3700
2017-08-03,60.500000,60.660000,60.500000,60.580002,56.801517,13400
2017-08-04,61.220001,61.220001,60.939999,61.009998,57.204700,3000
2017-08-07,61.230000,61.549999,61.230000,61.419998,57.589119,4400
2017-08-08,61.570000,61.689999,61.279999,61.279999,57.457855,1200
2017-08-09,61.279999,61.389999,61.110001,61.110001,57.298470,2100
2017-08-10,60.959999,61.049999,60.869999,60.970001,57.167191,1900
2017-08-11,61.099998,61.520000,61.099998,61.279999,57.457855,2700
2017-08-14,61.700001,61.799999,61.610001,61.610001,57.767281,1900
2017-08-15,61.650002,61.869999,61.650002,61.779999,57.926662,1400
2017-08-16,61.990002,61.990002,61.799999,61.930000,58.067307,1100
2017-08-17,61.939999,61.939999,61.299999,61.299999,57.476601,1000
2017-08-18,60.959999,61.080002,60.580002,60.990002,57.185947,2400
2017-08-21,60.880001,61.240002,60.880001,61.230000,57.410980,3700
2017-08-22,61.330002,61.639999,61.320000,61.639999,57.795399,3200
2017-08-23,61.259998,61.470001,61.259998,61.410000,57.579754,1700
2017-08-24,61.389999,61.389999,60.849998,60.849998,57.054676,4900
2017-08-25,61.090000,61.090000,60.730000,60.750000,56.960915,1200
2017-08-28,60.570000,60.689999,60.540001,60.680000,56.895279,1200
2017-08-29,60.619999,60.619999,60.560001,60.560001,56.782757,1100
2017-08-30,60.349998,60.799999,60.349998,60.730000,56.942154,3300
2017-08-31,60.959999,61.009998,60.959999,60.970001,57.167191,2800
2017-09-01,61.150002,61.270000,61.049999,61.130001,57.317200,1100
2017-09-05,60.919998,60.919998,60.680000,60.820000,57.026546,2300
2017-09-06,60.470001,60.570000,60.380001,60.570000,56.792137,1300
2017-09-07,60.570000,60.570000,60.340000,60.380001,56.613987,700
2017-09-08,60.270000,60.480000,60.270000,60.349998,56.585854,2300
2017-09-11,60.820000,60.840000,60.700001,60.799999,57.007797,2300
2017-09-12,60.730000,61.080002,60.720001,61.029999,57.223450,12300
2017-09-13,61.189999,61.189999,61.000000,61.000000,57.195320,800
2017-09-14,61.070000,61.070000,60.889999,60.959999,57.157810,700
2017-09-15,60.889999,61.009998,60.820000,61.009998,57.204700,3300
2017-09-18,61.009998,61.049999,60.930000,60.990002,57.297710,1800
2017-09-19,61.060001,61.060001,60.820000,60.860001,57.175575,1500
2017-09-20,60.880001,61.020000,60.700001,60.810001,57.128605,1900
2017-09-21,60.580002,60.619999,60.450001,60.480000,56.818577,1500
2017-09-22,60.279999,60.599998,60.279999,60.529999,56.865551,1800
2017-09-25,60.419998,60.419998,60.259998,60.259998,56.611897,400
2017-09-26,60.180000,60.599998,60.180000,60.599998,56.931309,1300
2017-09-27,60.599998,60.680000,60.509998,60.680000,57.006470,1300
2017-09-28,60.900002,61.130001,60.900002,61.130001,57.429214,3300
2017-09-29,61.529999,61.639999,61.529999,61.570000,57.842594,3800
2017-10-02,61.700001,62.029999,61.650002,62.029999,58.274742,1000
2017-10-03,62.279999,62.279999,61.490002,61.529999,57.805008,6100
2017-10-04,61.799999,62.099998,61.799999,62.040001,58.284138,3100
2017-10-05,62.349998,62.349998,61.970001,61.970001,58.218372,1000
2017-10-06,61.650002,61.700001,61.490002,61.700001,57.964710,5100
2017-10-09,61.660000,61.900002,61.660000,61.900002,58.152607,1300
2017-10-10,61.810001,61.990002,61.810001,61.990002,58.237156,600
2017-10-11,62.279999,62.279999,62.060001,62.150002,58.387482,1600
2017-10-12,62.000000,62.180000,62.000000,62.150002,58.387482,1800
2017-10-13,62.080002,62.180000,61.970001,61.970001,58.218372,1500
2017-10-16,62.160000,62.189999,62.060001,62.139999,58.378082,1500
2017-10-17,62.150002,62.150002,62.060001,62.090000,58.331104,1700
2017-10-18,62.330002,62.380001,62.330002,62.369999,58.594158,900
2017-10-19,61.790001,61.930000,61.709999,61.910000,58.162006,2900
2017-10-20,61.910000,61.910000,61.910000,61.910000,58.162006,0
2017-10-23,62.259998,62.259998,61.860001,61.860001,58.115028,500
2017-10-24,61.779999,61.919998,61.779999,61.919998,58.171391,1400
2017-10-25,61.869999,61.880001,60.820000,61.049999,57.354076,3000
2017-10-26,61.099998,61.580002,61.099998,61.400002,57.682880,1900
2017-10-27,61.250000,61.759998,61.189999,61.650002,57.917751,4600
2017-10-30,61.470001,61.520000,61.080002,61.080002,57.382256,1900
2017-10-31,60.779999,61.959999,60.770000,61.830002,58.086853,3800
2017-11-01,62.250000,62.250000,61.770000,61.770000,58.030487,9500
2017-11-02,61.580002,61.660000,61.580002,61.580002,57.851990,800
2017-11-03,61.439999,61.439999,60.990002,60.990002,57.297710,1100
2017-11-06,60.740002,60.950001,60.740002,60.880001,57.194366,3100
2017-11-07,61.160000,61.730000,61.160000,61.209999,57.504379,10100
2017-11-08,61.220001,61.540001,61.220001,61.500000,57.776817,2500
2017-11-09,61.029999,61.450001,60.970001,61.340000,57.626514,4400
2017-11-10,61.590000,61.590000,61.490002,61.500000,57.776817,1800
2017-11-13,61.430000,61.599998,61.290001,61.509998,57.786221,5500
2017-11-14,61.439999,61.799999,61.439999,61.799999,58.058674,3300
2017-11-15,61.400002,61.580002,61.290001,61.480000,57.758038,4500
2017-11-16,61.480000,62.580002,61.480000,62.410000,58.631741,3000
2017-11-17,62.459999,62.459999,62.250000,62.459999,58.678699,1500
2017-11-20,62.459999,62.950001,62.459999,62.950001,59.139050,2600
2017-11-21,63.230000,63.340000,63.049999,63.090000,59.270576,5800
2017-11-22,62.900002,63.080002,62.759998,62.880001,59.073284,8000
2017-11-24,63.110001,63.110001,62.849998,62.849998,59.045097,700
2017-11-27,63.270000,63.270000,62.680000,62.750000,58.951149,3300
2017-11-28,62.990002,63.400002,62.990002,63.369999,59.533611,5100
2017-11-29,63.799999,63.919998,63.650002,63.919998,60.050308,800
2017-11-30,64.099998,64.260002,64.000000,64.209999,60.322762,1400
2017-12-01,63.900002,63.930000,63.700001,63.830002,59.965778,1200
2017-12-04,64.709999,64.930000,64.519997,64.550003,60.642178,4000
2017-12-05,65.000000,65.000000,64.190002,64.389999,60.491871,10800
2017-12-06,64.290001,64.500000,64.290001,64.500000,60.595203,1500
2017-12-07,64.790001,65.010002,64.760002,64.930000,60.999184,2200
2017-12-08,65.059998,65.120003,64.820000,64.879997,60.952202,2000
2017-12-11,64.660004,64.669998,64.529999,64.550003,60.642178,3300
2017-12-12,64.589996,64.589996,64.400002,64.419998,60.520050,2700
2017-12-13,64.580002,64.739998,64.459999,64.599998,60.689159,1600
2017-12-14,65.309998,65.309998,64.000000,64.000000,60.125469,4600
2017-12-15,64.279999,64.730003,64.199997,64.730003,60.811291,1100
2017-12-18,65.220001,65.339996,65.110001,65.330002,61.374962,2400
2017-12-19,65.180000,65.489998,64.919998,64.919998,60.989780,10900
2017-12-20,64.849998,65.349998,64.849998,65.339996,61.384361,7000
2017-12-21,65.269997,65.360001,65.120003,65.139999,61.196465,1600
2017-12-22,65.300003,65.389999,65.010002,65.320000,61.365559,11000
2017-12-26,65.129997,65.269997,65.129997,65.169998,61.224655,1000
2017-12-27,65.320000,65.379997,65.139999,65.239998,61.290405,800
2017-12-28,65.300003,65.339996,65.089996,65.339996,61.384361,1700
2017-12-29,65.269997,65.269997,65.080002,65.080002,61.140110,3000
2018-01-02,64.790001,64.790001,64.599998,64.699997,60.783096,1600
2018-01-03,65.010002,65.010002,64.540001,64.699997,60.783096,4900
2018-01-04,64.580002,65.160004,64.580002,65.000000,61.064938,5400
2018-01-05,64.769997,65.000000,64.769997,64.870003,60.942810,2700
2018-01-08,64.900002,65.250000,64.849998,65.250000,61.299801,7800
2018-01-09,65.389999,65.529999,65.360001,65.379997,61.421925,4500
2018-01-10,64.750000,64.919998,64.750000,64.769997,60.848854,1100
2018-01-11,65.080002,65.199997,65.050003,65.050003,61.111923,2700
2018-01-12,65.260002,65.330002,65.150002,65.260002,61.309204,3700
2018-01-16,65.190002,65.660004,65.150002,65.150002,61.205868,7300
2018-01-17,65.139999,65.870003,65.139999,65.690002,61.713169,3100
2018-01-18,65.760002,65.760002,65.220001,65.519997,61.553455,2000
2018-01-19,65.440002,66.260002,65.440002,66.180000,62.173504,6400
2018-01-22,66.279999,66.449997,66.220001,66.449997,62.427155,2600
2018-01-23,66.349998,66.750000,66.300003,66.750000,62.708981,3900
2018-01-24,66.660004,67.000000,66.510002,66.510002,62.483521,1400
2018-01-25,67.059998,67.059998,66.370003,66.440002,62.417763,1700
2018-01-26,66.330002,66.860001,66.330002,66.860001,62.812347,2700
2018-01-29,67.930000,67.930000,67.080002,67.080002,63.019020,13400
2018-01-30,66.849998,66.889999,66.790001,66.870003,62.821743,4100
2018-01-31,66.699997,67.120003,66.570000,66.570000,62.539898,2300
2018-02-01,66.660004,66.940002,66.559998,66.750000,62.708981,11000
2018-02-02,65.480003,65.540001,65.410004,65.540001,61.572250,5000
2018-02-05,65.230003,65.230003,63.730000,64.519997,60.613991,7400
2018-02-06,62.389999,64.290001,62.299999,64.290001,60.397926,3700
2018-02-07,64.379997,64.930000,64.349998,64.930000,60.999184,21100
2018-02-08,64.949997,64.949997,63.330002,63.330002,59.496048,112700
2018-02-09,63.750000,63.750000,62.459999,63.299999,59.467854,4900
2018-02-12,63.590000,64.419998,63.590000,64.169998,60.285179,1800
2018-02-13,64.050003,64.290001,63.849998,64.290001,60.397926,16600
2018-02-14,64.440002,65.180000,64.389999,65.120003,61.177677,67800
2018-02-15,64.900002,66.000000,64.900002,66.000000,62.004406,11600
2018-02-16,65.980003,66.480003,65.809998,66.199997,62.192287,7800
2018-02-20,66.660004,66.660004,65.459999,65.709999,61.731956,13500
2018-02-21,65.980003,66.080002,65.459999,65.459999,61.497086,5700
2018-02-22,65.529999,65.720001,65.239998,65.269997,61.318584,1500
2018-02-23,66.000000,66.330002,66.000000,66.330002,62.314430,3900
2018-02-26,66.550003,66.940002,66.400002,66.879997,62.831127,2500
2018-02-27,66.800003,66.970001,66.110001,66.110001,62.107746,3200
2018-02-28,66.669998,66.860001,65.800003,65.800003,61.816517,2800
2018-03-01,65.519997,65.519997,64.779999,65.080002,61.140110,4500
2018-03-02,65.040001,65.620003,65.040001,65.620003,61.647411,900
2018-03-05,65.540001,66.169998,65.540001,66.169998,62.164112,900
2018-03-06,66.169998,66.169998,66.169998,66.169998,62.164112,0
2018-03-07,67.150002,67.309998,66.930000,67.309998,63.235081,1100
2018-03-08,67.650002,67.660004,67.370003,67.660004,63.563919,3500
2018-03-09,67.849998,68.339996,67.849998,68.339996,64.202736,4200
2018-03-12,68.639999,68.690002,68.379997,68.400002,64.259125,5200
2018-03-13,68.959999,68.959999,68.220001,68.220001,64.089996,3500
2018-03-14,68.349998,68.360001,68.029999,68.029999,63.911491,1700
2018-03-15,67.860001,68.099998,67.480003,67.489998,63.404190,3400
2018-03-16,67.540001,67.720001,67.540001,67.599998,63.507557,1300
2018-03-19,67.500000,67.500000,67.269997,67.419998,63.406906,2900
2018-03-20,67.709999,67.800003,67.550003,67.699997,63.670246,15800
2018-03-21,67.300003,67.470001,67.300003,67.300003,63.294048,800
2018-03-22,67.070000,67.220001,66.519997,66.529999,62.569881,3800
2018-03-23,66.769997,66.769997,65.620003,65.620003,61.714046,1400
2018-03-26,66.019997,66.419998,66.019997,66.419998,62.466438,2500
2018-03-27,67.080002,67.150002,66.470001,66.470001,62.513439,4100
2018-03-28,66.440002,66.489998,66.300003,66.300003,62.353577,1300
2018-03-29,66.860001,67.239998,66.860001,67.110001,63.115356,11800
2018-04-02,66.660004,66.660004,65.250000,65.519997,61.620007,1400
2018-04-03,65.800003,66.540001,65.800003,66.419998,62.466438,32000
2018-04-04,65.610001,67.349998,65.610001,67.320000,63.312862,5500
2018-04-05,67.620003,67.860001,67.519997,67.790001,63.754879,7300
2018-04-06,67.629997,67.970001,66.529999,66.589996,62.626305,19700
2018-04-09,67.339996,67.599998,67.010002,67.199997,63.199997,3500
2018-04-10,67.879997,67.879997,67.629997,67.790001,63.754879,8100
2018-04-11,67.589996,68.000000,66.849998,67.919998,63.877136,5800
2018-04-12,68.169998,68.239998,68.029999,68.169998,64.112251,2700
2018-04-13,68.320000,68.320000,67.800003,67.860001,63.820709,72400
2018-04-16,68.370003,69.089996,68.370003,68.970001,64.864655,4900
2018-04-17,69.010002,69.790001,69.010002,69.790001,65.635818,7900
2018-04-18,69.489998,69.989998,69.489998,69.879997,65.720482,8700
2018-04-19,69.180000,69.339996,68.500000,68.760002,64.667145,12400
2018-04-20,68.970001,68.970001,67.669998,67.820000,63.783100,7900
2018-04-23,68.180000,68.180000,67.589996,67.629997,63.604408,6800
2018-04-24,68.150002,68.150002,66.910004,67.370003,63.359890,10600
2018-04-25,67.360001,67.760002,67.239998,67.720001,63.689045,4100
2018-04-26,68.320000,68.320000,67.550003,67.730003,63.698452,4500
2018-04-27,67.730003,68.169998,67.169998,67.900002,63.858337,4800
2018-04-30,68.419998,68.419998,67.669998,67.669998,63.642025,3400
2018-05-01,67.519997,67.519997,66.400002,66.970001,62.983696,5000
2018-05-02,66.580002,66.580002,66.209999,66.209999,62.268917,4500
2018-05-03,65.970001,66.330002,65.680000,66.220001,62.278332,3500
2018-05-04,66.070000,67.550003,66.070000,67.550003,63.529163,2700
2018-05-07,67.820000,67.970001,67.650002,67.690002,63.660843,36700
2018-05-08,68.239998,68.239998,67.180000,67.779999,63.745472,8400
2018-05-09,67.559998,68.019997,67.559998,67.790001,63.754879,3200
2018-05-10,68.019997,68.769997,68.019997,68.500000,64.422615,4300
2018-05-11,68.760002,68.760002,68.279999,68.510002,64.432030,3600
2018-05-14,68.970001,68.970001,68.099998,68.099998,64.046410,6400
2018-05-15,67.980003,68.279999,67.790001,68.160004,64.102859,3200
2018-05-16,68.559998,69.180000,68.199997,69.029999,64.921066,9300
2018-05-17,69.279999,69.279999,68.820000,69.209999,65.090363,8800
2018-05-18,69.199997,69.239998,69.040001,69.239998,65.118568,3800
2018-05-21,70.150002,70.150002,69.570000,69.650002,65.504181,8100
2018-05-22,69.839996,69.839996,68.930000,68.930000,64.827034,22600
2018-05-23,69.089996,69.239998,69.019997,69.180000,65.062149,4000
2018-05-24,69.410004,69.410004,68.769997,69.180000,65.062149,6200
2018-05-25,69.220001,69.220001,68.730003,68.820000,64.723564,4900
2018-05-29,68.760002,69.040001,68.580002,68.790001,64.695351,5700
2018-05-30,68.809998,69.949997,68.809998,69.760002,65.607635,2900
2018-05-31,69.839996,69.839996,68.769997,69.059998,64.949280,34300
2018-06-01,69.180000,69.419998,68.910004,69.400002,65.269043,4300
2018-06-04,69.690002,69.690002,69.570000,69.599998,65.457138,15300
2018-06-05,70.720001,70.720001,69.699997,69.870003,65.711067,3700
2018-06-06,70.150002,70.150002,69.790001,70.080002,65.908585,5600
2018-06-07,70.330002,70.330002,69.830002,70.080002,65.908585,5000
2018-06-08,70.629997,70.870003,70.500000,70.870003,66.651543,3400
2018-06-11,71.089996,71.180000,70.760002,70.970001,66.745598,7000
2018-06-12,70.839996,71.559998,70.839996,71.459999,67.206444,10900
2018-06-13,71.260002,71.410004,70.959999,71.040001,66.811417,6700
2018-06-14,71.110001,71.519997,71.000000,71.519997,67.262863,12900
2018-06-15,72.320000,72.320000,71.230003,71.680000,67.413330,9300
2018-06-18,71.550003,71.779999,71.209999,71.760002,67.612152,6500
2018-06-19,71.129997,71.870003,71.129997,71.800003,67.649826,23200
2018-06-20,72.790001,72.790001,71.830002,72.059998,67.894791,7900
2018-06-21,71.849998,71.849998,71.000000,71.139999,67.027977,7700
2018-06-22,71.589996,71.620003,71.160004,71.180000,67.065659,6600
2018-06-25,70.860001,70.860001,70.110001,70.250000,66.189407,3900
2018-06-26,70.690002,71.379997,70.599998,71.220001,67.103348,10700
2018-06-27,71.830002,71.830002,70.199997,70.199997,66.142288,7400
2018-06-28,70.250000,70.889999,70.239998,70.769997,66.679375,14200
2018-06-29,70.989998,71.190002,70.820000,70.820000,66.726463,25300
2018-07-02,70.230003,70.550003,70.139999,70.550003,66.472069,36400
2018-07-03,71.550003,71.580002,70.650002,70.650002,66.566299,19800
2018-07-05,70.820000,71.709999,70.750000,71.639999,67.499084,12800
2018-07-06,71.680000,72.150002,71.660004,71.959999,67.800560,5300
2018-07-09,72.419998,72.419998,71.900002,71.980003,67.819427,35200
2018-07-10,72.010002,72.489998,71.809998,72.010002,67.847664,48900
2018-07-11,71.760002,71.959999,71.680000,71.800003,67.649826,14800
2018-07-12,72.250000,72.250000,71.639999,71.870003,67.715759,10400
2018-07-13,71.790001,72.279999,71.790001,71.959999,67.800560,89900
2018-07-16,71.639999,71.690002,71.440002,71.440002,67.310631,18900
2018-07-17,71.750000,71.949997,71.550003,71.739998,67.593292,15300
2018-07-18,71.720001,71.820000,71.339996,71.599998,67.461380,21400
2018-07-19,71.339996,71.860001,71.269997,71.750000,67.602699,11800
2018-07-20,72.019997,72.110001,71.690002,71.839996,67.687500,12400
2018-07-23,72.470001,72.470001,71.440002,71.779999,67.630959,11500
2018-07-24,72.209999,72.209999,71.029999,71.220001,67.103348,7800
2018-07-25,71.580002,72.080002,71.449997,72.080002,67.913643,8200
2018-07-26,72.260002,72.500000,72.199997,72.290001,68.111504,11800
2018-07-27,72.190002,72.500000,71.430000,71.559998,67.423668,8400
2018-07-30,71.519997,71.519997,70.129997,70.269997,66.208252,24600
2018-07-31,70.410004,70.769997,70.300003,70.769997,66.679375,24200
2018-08-01,70.599998,70.650002,69.919998,70.410004,66.340164,41500
2018-08-02,70.099998,70.930000,70.099998,70.870003,66.773575,15800
2018-08-03,71.500000,72.120003,71.500000,71.940002,67.781731,9800
2018-08-06,71.959999,72.440002,71.959999,72.290001,68.111504,55100
2018-08-07,72.500000,72.500000,71.510002,71.639999,67.499084,20600
2018-08-08,71.300003,71.540001,71.269997,71.349998,67.225822,4300
2018-08-09,71.349998,71.449997,71.290001,71.290001,67.169304,4200
2018-08-10,70.980003,71.339996,70.290001,71.059998,66.952583,9300
2018-08-13,71.750000,71.750000,70.800003,71.050003,66.943184,10900
2018-08-14,71.510002,71.980003,71.349998,71.919998,67.762886,4800
2018-08-15,71.610001,71.610001,70.980003,71.480003,67.348328,11500
2018-08-16,71.820000,71.849998,71.550003,71.620003,67.480240,3700
2018-08-17,71.660004,71.739998,71.120003,71.739998,67.593292,5700
2018-08-20,72.459999,72.459999,72.000000,72.300003,68.120918,11400
2018-08-21,72.180000,72.459999,71.940002,72.050003,67.885376,15600
2018-08-22,72.430000,72.430000,71.870003,72.260002,68.083252,3500
2018-08-23,71.809998,72.529999,71.809998,72.070000,67.904213,9800
2018-08-24,71.830002,72.400002,71.830002,72.400002,68.215149,5200
2018-08-27,72.610001,72.690002,72.400002,72.639999,68.441269,5500
2018-08-28,72.779999,72.779999,72.120003,72.330002,68.149178,9000
2018-08-29,72.169998,72.559998,72.169998,72.309998,68.130356,3000
2018-08-30,72.459999,72.570000,72.010002,72.330002,68.149178,10800
2018-08-31,71.959999,72.589996,71.959999,72.510002,68.318771,5800
2018-09-04,72.480003,72.589996,72.349998,72.529999,68.337639,5800
2018-09-05,72.449997,72.519997,72.040001,72.410004,68.224579,6300
2018-09-06,72.760002,72.760002,72.080002,72.430000,68.243416,8500
2018-09-07,72.110001,72.529999,72.110001,72.379997,68.196304,9500
2018-09-10,72.779999,73.000000,72.690002,72.760002,68.554321,3500
2018-09-11,72.669998,72.980003,72.440002,72.910004,68.695679,2200
2018-09-12,73.489998,73.709999,73.180000,73.709999,69.449417,11000
2018-09-13,73.540001,73.620003,73.360001,73.489998,69.242126,7200
2018-09-14,73.570000,73.639999,73.309998,73.599998,69.345787,5600
2018-09-17,73.620003,73.620003,72.730003,72.730003,68.526077,5000
2018-09-18,72.709999,72.769997,72.500000,72.769997,68.563751,6600
2018-09-19,72.599998,72.699997,71.800003,71.800003,67.649826,4700
2018-09-20,72.250000,72.779999,72.169998,72.760002,68.554321,7200
2018-09-21,73.050003,73.059998,72.669998,72.699997,68.497803,3300
2018-09-24,72.699997,72.699997,72.070000,72.360001,68.295822,6300
2018-09-25,72.129997,72.410004,72.019997,72.160004,68.107063,8800
2018-09-26,71.959999,72.480003,71.800003,71.839996,67.805016,4900
2018-09-27,71.820000,71.820000,71.330002,71.550003,67.531319,11300
2018-09-28,71.540001,72.089996,71.540001,71.750000,67.720070,5800
2018-10-01,72.430000,72.430000,71.300003,71.300003,67.295357,7600
2018-10-02,71.389999,71.800003,71.269997,71.269997,67.267021,20000
2018-10-03,71.940002,71.940002,71.250000,71.339996,67.333122,7100
2018-10-04,72.139999,72.139999,70.400002,70.639999,66.672417,6900
2018-10-05,71.150002,71.209999,70.809998,71.000000,67.012215,3500
2018-10-08,71.220001,71.220001,70.650002,71.160004,67.163223,34000
2018-10-09,70.940002,71.339996,70.940002,70.949997,66.965012,2500
2018-10-10,70.650002,70.650002,69.430000,69.500000,65.596451,17900
2018-10-11,69.419998,69.419998,67.900002,68.139999,64.312836,23600
2018-10-12,68.580002,68.860001,67.980003,68.839996,64.973518,6200
2018-10-15,68.860001,69.529999,68.330002,69.330002,65.436005,3800
2018-10-16,69.580002,71.089996,69.580002,71.089996,67.097137,12100
2018-10-17,70.580002,71.059998,70.379997,70.970001,66.983879,11000
2018-10-18,70.849998,70.860001,69.800003,70.199997,66.257126,8800
2018-10-19,70.669998,70.800003,70.160004,70.500000,66.540298,5600
2018-10-22,70.870003,70.910004,70.449997,70.860001,66.880058,39800
2018-10-23,70.379997,70.769997,69.349998,70.559998,66.596909,17300
2018-10-24,70.870003,70.949997,69.919998,69.919998,65.992867,8000
2018-10-25,70.269997,70.550003,69.779999,70.250000,66.304321,108000
2018-10-26,69.500000,69.690002,68.430000,69.199997,65.313293,11000
2018-10-29,70.019997,70.720001,69.199997,69.459999,65.558701,13400
2018-10-30,70.269997,71.489998,70.269997,71.489998,67.474678,6900
2018-10-31,71.800003,71.800003,70.930000,71.230003,67.229286,6400
2018-11-01,71.900002,72.040001,71.629997,72.040001,67.993790,44200
2018-11-02,72.660004,72.660004,71.699997,71.900002,67.861649,35700
2018-11-05,72.709999,72.709999,71.620003,72.300003,68.239182,95000
2018-11-06,72.650002,73.070000,72.389999,73.070000,68.965942,23200
2018-11-07,72.900002,72.910004,72.000000,72.680000,68.597855,45000
2018-11-08,72.589996,73.129997,72.589996,73.040001,68.937622,55300
2018-11-09,73.550003,73.550003,72.349998,73.019997,68.918747,7100
2018-11-12,73.190002,73.339996,72.610001,72.800003,68.711090,18800
2018-11-13,73.320000,73.320000,72.110001,72.260002,68.201447,16500
2018-11-14,72.650002,72.650002,71.300003,71.500000,67.484131,43700
2018-11-15,71.180000,71.879997,71.000000,71.820000,67.786163,31800
2018-11-16,71.699997,72.379997,71.400002,72.209999,68.154236,36700
2018-11-19,73.040001,73.040001,71.139999,71.459999,67.446373,63100
2018-11-20,71.449997,71.449997,70.540001,70.720001,66.747932,176200
2018-11-21,70.790001,71.199997,70.790001,70.820000,66.842308,23800
2018-11-23,70.389999,71.220001,70.389999,71.089996,67.097137,10700
2018-11-26,71.489998,71.489998,70.900002,71.180000,67.182091,8900
2018-11-27,70.910004,71.199997,70.900002,71.169998,67.172661,35300
2018-11-28,71.080002,71.870003,71.080002,71.870003,67.833328,13900
2018-11-29,71.860001,72.500000,71.470001,72.120003,68.069305,23200
2018-11-30,72.309998,72.309998,72.029999,72.160004,68.107063,19500
2018-12-03,73.040001,73.040001,71.839996,72.500000,68.427963,10500
2018-12-04,73.339996,73.339996,70.970001,71.089996,67.097137,161000
2018-12-06,70.489998,70.940002,69.400002,70.889999,66.908371,31200
2018-12-07,70.639999,70.930000,69.400002,69.720001,65.804092,24200
2018-12-10,70.160004,70.160004,68.930000,69.800003,65.879623,26500
2018-12-11,70.919998,70.919998,69.690002,70.209999,66.266579,21100
2018-12-12,70.860001,71.190002,70.720001,70.860001,66.880058,15100
2018-12-13,71.080002,71.080002,70.320000,70.769997,66.795135,81500
2018-12-14,70.669998,70.669998,69.559998,69.559998,65.653076,12200
2018-12-17,69.900002,69.900002,67.730003,67.849998,64.039131,37100
2018-12-18,68.199997,68.519997,67.529999,67.739998,63.935291,15300
2018-12-19,67.910004,68.349998,66.589996,66.949997,63.189674,24500
2018-12-20,66.820000,66.820000,64.779999,65.199997,61.537968,74500
2018-12-21,65.000000,66.309998,63.880001,63.980000,60.386482,54100
2018-12-24,64.540001,64.540001,62.310001,62.430000,59.072205,43500
2018-12-26,62.740002,64.389999,62.130001,64.389999,60.926777,47600
2018-12-27,64.199997,65.099998,63.189999,65.099998,61.598579,28600
2018-12-28,65.680000,65.680000,64.599998,65.010002,61.513435,217900
2018-12-31,65.389999,65.389999,64.830002,65.209999,61.702679,23100
2019-01-02,64.519997,65.150002,64.410004,65.150002,61.645916,69600
2019-01-03,64.500000,65.150002,64.089996,64.580002,61.106564,8700
2019-01-04,64.660004,65.949997,64.660004,65.879997,62.336643,102300
2019-01-07,66.050003,66.489998,65.900002,66.110001,62.554279,29100
2019-01-08,66.470001,66.559998,65.870003,66.500000,62.923283,13200
2019-01-09,66.190002,66.839996,66.190002,66.660004,63.074677,14800
2019-01-10,66.230003,66.959999,66.080002,66.959999,63.358540,6500
2019-01-11,67.010002,67.010002,66.410004,66.750000,63.159855,10500
2019-01-14,67.379997,67.379997,66.089996,66.129997,62.573193,24500
2019-01-15,66.430000,66.989998,66.389999,66.959999,63.358540,9700
2019-01-16,66.930000,67.349998,66.750000,67.010002,63.405876,8200
2019-01-17,67.180000,67.680000,67.180000,67.510002,63.878979,43600
2019-01-18,67.900002,68.449997,67.599998,68.230003,64.560249,46800
2019-01-22,67.949997,67.949997,66.760002,67.129997,63.519405,19700
2019-01-23,67.489998,67.750000,66.970001,67.470001,63.841133,45500
2019-01-24,67.220001,67.220001,66.410004,66.739998,63.150372,35700
2019-01-25,67.379997,67.379997,66.610001,66.629997,63.046299,16700
2019-01-28,66.290001,66.459999,65.949997,66.300003,62.734058,12900
2019-01-29,66.559998,66.860001,66.449997,66.449997,62.875984,6500
2019-01-30,66.739998,66.970001,66.559998,66.559998,62.980064,9600
2019-01-31,66.629997,67.379997,66.470001,67.220001,63.604568,16400
2019-02-01,67.379997,67.660004,67.129997,67.290001,63.670803,75400
2019-02-04,67.379997,68.239998,67.379997,68.239998,64.569702,208600
2019-02-05,68.070000,68.070000,67.309998,67.650002,64.011444,44700
2019-02-06,67.570000,67.730003,67.360001,67.599998,63.964138,19700
2019-02-07,67.199997,67.330002,66.889999,67.279999,63.661327,13000
2019-02-08,66.940002,67.519997,66.940002,67.519997,63.888424,16000
2019-02-11,67.709999,67.980003,67.639999,67.910004,64.257454,26400
2019-02-12,68.269997,69.269997,68.269997,68.660004,64.967125,48500
2019-02-13,68.669998,69.110001,68.669998,69.110001,65.392899,64200
2019-02-14,68.699997,69.089996,68.690002,68.930000,65.222595,8100
2019-02-15,69.089996,69.099998,68.809998,69.000000,65.288834,9000
2019-02-19,69.430000,69.430000,68.669998,69.029999,65.317207,43500
2019-02-20,69.160004,69.160004,68.599998,68.889999,65.184738,14900
2019-02-21,68.629997,69.779999,68.629997,69.629997,65.884941,10300
2019-02-22,69.720001,70.000000,69.720001,70.000000,66.235054,11600
2019-02-25,70.080002,70.080002,69.339996,69.339996,65.610527,6300
2019-02-26,69.330002,70.059998,69.330002,69.709999,65.960640,13200
2019-02-27,69.879997,69.879997,69.089996,69.470001,65.733551,54100
2019-02-28,69.690002,70.040001,69.589996,69.900002,66.140427,5700
2019-03-01,70.309998,70.760002,70.309998,70.470001,66.679771,3700
2019-03-04,70.980003,70.980003,69.879997,70.389999,66.604065,7200
2019-03-05,70.489998,70.599998,70.300003,70.370003,66.585136,17800
2019-03-06,70.529999,70.529999,69.820000,69.900002,66.140427,7500
2019-03-07,69.760002,69.760002,69.279999,69.360001,65.629456,12900
2019-03-08,69.199997,69.400002,69.010002,69.199997,65.478058,8300
2019-03-11,69.410004,70.269997,69.339996,70.269997,66.490524,57100
2019-03-12,70.059998,70.169998,69.769997,69.769997,66.017410,8500
2019-03-13,70.169998,70.449997,70.169998,70.309998,66.528381,3900
2019-03-14,70.279999,70.309998,69.930000,70.160004,66.386444,7300
2019-03-15,70.050003,70.410004,70.000000,70.129997,66.358047,2900
2019-03-18,70.040001,70.459999,70.040001,70.110001,66.339134,18300
2019-03-19,70.430000,70.430000,70.000000,70.129997,66.358047,17900
2019-03-20,70.010002,70.010002,69.260002,69.529999,65.790337,8000
2019-03-21,70.019997,70.459999,69.750000,70.250000,66.471603,14400
2019-03-22,70.089996,70.230003,69.379997,69.379997,65.648392,18600
2019-03-25,69.279999,69.900002,69.000000,69.660004,65.913330,10000
2019-03-26,70.099998,70.410004,69.940002,70.230003,66.452675,5500
2019-03-27,70.150002,70.199997,69.529999,69.989998,66.225586,7500
2019-03-28,70.269997,70.870003,70.250000,70.870003,67.058258,78000
2019-03-29,70.790001,70.989998,70.760002,70.970001,67.152870,5000
2019-04-01,71.250000,71.250000,70.610001,70.879997,67.067711,4700
2019-04-02,70.980003,70.980003,70.500000,70.620003,66.821716,4400
2019-04-03,70.779999,71.040001,70.690002,70.800003,66.992012,6200
2019-04-04,70.769997,70.870003,70.440002,70.690002,66.887947,4900
2019-04-05,71.120003,71.120003,70.709999,70.870003,67.058258,6400
2019-04-08,70.779999,71.129997,70.779999,71.129997,67.304260,2100
2019-04-09,70.970001,71.110001,70.809998,70.809998,67.001480,3400
2019-04-10,70.800003,71.250000,70.800003,71.150002,67.323181,9300
2019-04-11,71.150002,71.599998,71.150002,71.489998,67.644897,35800
2019-04-12,71.699997,71.699997,71.519997,71.629997,67.777367,4300
2019-04-15,71.620003,72.080002,71.620003,71.959999,68.089622,19900
2019-04-16,72.099998,72.139999,71.860001,71.980003,68.108559,5600
2019-04-17,71.800003,71.930000,71.610001,71.820000,67.957161,3700
2019-04-18,72.040001,72.230003,71.739998,72.120003,68.241028,8900
2019-04-22,72.099998,72.099998,71.779999,71.809998,67.947701,12500
2019-04-23,71.949997,72.629997,71.949997,72.629997,68.723572,7200
2019-04-24,72.629997,72.629997,72.120003,72.120003,68.241028,4300
2019-04-25,72.110001,72.309998,71.900002,72.150002,68.269409,8100
2019-04-26,72.459999,72.849998,72.400002,72.809998,68.893898,14000
2019-04-29,72.820000,72.879997,72.720001,72.750000,68.837120,4900
2019-04-30,72.610001,72.750000,72.459999,72.750000,68.837120,2900
2019-05-01,72.650002,72.660004,72.000000,72.000000,68.127480,4400
2019-05-02,71.809998,72.169998,71.209999,72.169998,68.288338,144800
2019-05-03,72.290001,72.589996,72.150002,72.480003,68.581665,7100
2019-05-06,71.800003,72.570000,71.800003,72.489998,68.591110,3800
2019-05-07,72.440002,72.440002,71.610001,71.919998,68.051781,9400
2019-05-08,71.930000,72.239998,71.470001,71.959999,68.089622,47300
2019-05-09,71.610001,72.260002,71.320000,72.260002,68.373505,8300
2019-05-10,71.900002,72.559998,71.370003,72.559998,68.657341,6400
2019-05-13,71.500000,71.580002,71.089996,71.519997,67.673294,5200
2019-05-14,71.660004,71.830002,71.410004,71.500000,67.654373,8900
2019-05-15,71.230003,71.889999,71.199997,71.860001,67.995010,25200
2019-05-16,72.070000,72.910004,72.070000,72.459999,68.562737,5700
2019-05-17,71.989998,72.529999,71.930000,71.930000,68.061264,2400
2019-05-20,71.639999,71.860001,71.470001,71.500000,67.654373,5600
2019-05-21,71.930000,72.059998,71.769997,71.809998,67.947701,5200
2019-05-22,71.570000,71.919998,71.570000,71.870003,68.004456,8400
2019-05-23,71.209999,71.309998,70.629997,70.830002,67.020393,5900
2019-05-24,71.000000,71.410004,71.000000,71.410004,67.569214,3800
2019-05-28,71.650002,71.650002,70.349998,70.440002,66.651382,5800
2019-05-29,70.290001,70.320000,69.580002,69.610001,65.866028,18100
2019-05-30,70.250000,70.559998,70.190002,70.260002,66.481056,9200
2019-05-31,69.800003,70.040001,69.489998,69.500000,65.761932,7400
2019-06-03,69.610001,69.989998,69.459999,69.919998,66.159348,5700
2019-06-04,70.980003,70.980003,70.239998,70.820000,67.010941,7800
2019-06-05,71.570000,71.750000,71.349998,71.709999,67.853073,6800
2019-06-06,71.830002,72.330002,71.830002,72.199997,68.316704,9700
2019-06-07,72.470001,72.949997,72.470001,72.629997,68.723572,4700
2019-06-10,72.800003,72.889999,72.500000,72.599998,68.695221,5000
2019-06-11,72.949997,72.949997,72.089996,72.349998,68.458633,4500
2019-06-12,72.489998,72.709999,72.379997,72.489998,68.591110,6000
2019-06-13,72.680000,72.680000,72.330002,72.389999,68.496490,5200
2019-06-14,72.800003,72.800003,72.239998,72.449997,68.553268,3700
2019-06-17,72.440002,72.440002,72.000000,72.019997,68.146393,7800
2019-06-18,72.680000,72.680000,71.919998,72.000000,68.127480,3300
2019-06-19,71.599998,72.190002,71.599998,72.190002,68.307243,5600
2019-06-20,72.750000,72.830002,72.180000,72.580002,68.676277,9600
2019-06-21,72.440002,72.570000,72.389999,72.389999,68.496490,4500
2019-06-24,72.360001,72.360001,71.610001,71.639999,67.865601,44300
2019-06-25,71.800003,72.209999,71.260002,71.320000,67.562439,8300
2019-06-26,71.139999,71.139999,70.529999,70.650002,66.927734,7400
2019-06-27,70.989998,71.470001,70.769997,71.430000,67.666641,5000
2019-06-28,71.690002,71.970001,71.629997,71.910004,68.121376,4600
2019-07-01,73.010002,73.010002,71.910004,72.180000,68.377121,6200
2019-07-02,72.489998,72.760002,72.440002,72.750000,68.917099,19400
2019-07-03,73.190002,73.709999,73.190002,73.639999,69.760216,99400
2019-07-05,73.410004,73.570000,73.019997,73.500000,69.627586,13000
2019-07-08,73.440002,73.790001,73.440002,73.639999,69.760216,4300
2019-07-09,73.339996,73.339996,72.970001,73.150002,69.296051,4900
2019-07-10,73.849998,73.849998,73.580002,73.650002,69.769707,4800
2019-07-11,73.660004,73.739998,73.410004,73.500000,69.627586,9500
2019-07-12,73.720001,74.150002,73.720001,74.070000,70.167549,2200
2019-07-15,74.070000,74.070000,73.889999,74.019997,70.120171,5000
2019-07-16,74.050003,74.230003,73.949997,73.949997,70.053886,4900
2019-07-17,74.080002,74.080002,73.879997,73.879997,69.987556,5200
2019-07-18,73.809998,74.489998,73.809998,74.489998,70.565422,4200
2019-07-19,74.680000,74.940002,74.089996,74.139999,70.233871,8400
2019-07-22,74.260002,74.260002,73.650002,73.650002,69.769707,5400
2019-07-23,73.639999,73.879997,73.629997,73.830002,69.940201,4300
2019-07-24,73.360001,73.760002,73.360001,73.470001,69.599167,4000
2019-07-25,73.800003,73.949997,73.599998,73.620003,69.741287,4000
2019-07-26,73.769997,74.379997,73.769997,74.239998,70.328606,5200
2019-07-29,73.690002,74.320000,73.690002,74.150002,70.243355,8500
2019-07-30,74.010002,74.730003,74.010002,74.419998,70.499107,14600
2019-07-31,74.440002,74.440002,73.010002,73.349998,69.485497,64900
2019-08-01,73.139999,73.760002,72.739998,72.800003,68.964470,3900
2019-08-02,72.470001,72.519997,72.120003,72.519997,68.699211,122100
2019-08-05,72.000000,72.000000,70.720001,70.720001,66.994049,7700
2019-08-06,71.800003,71.900002,71.139999,71.629997,67.856110,7700
2019-08-07,71.040001,72.669998,70.940002,72.669998,68.841316,5200
2019-08-08,73.059998,74.180000,72.989998,74.120003,70.214935,8900
2019-08-09,73.989998,74.209999,73.760002,74.139999,70.233871,5100
2019-08-12,73.419998,73.610001,73.379997,73.379997,69.513908,1800
2019-08-13,73.750000,74.730003,73.580002,74.169998,70.262291,10400
2019-08-14,73.709999,73.849998,72.879997,72.879997,69.040245,20000
2019-08-15,73.150002,73.779999,73.150002,73.669998,69.788635,5000
2019-08-16,74.209999,74.730003,74.199997,74.730003,70.792786,10200
2019-08-19,75.029999,75.650002,75.029999,75.480003,71.503265,7800
2019-08-20,75.250000,75.250000,74.989998,75.070000,71.114876,4900
2019-08-21,75.459999,75.500000,75.230003,75.419998,71.446434,5500
2019-08-22,75.500000,76.059998,75.449997,75.949997,71.948494,6300
2019-08-23,76.169998,76.169998,74.220001,74.220001,70.309669,5600
2019-08-26,75.250000,75.250000,74.910004,75.059998,71.105408,6000
2019-08-27,75.800003,75.800003,74.580002,74.800003,70.859108,4900
2019-08-28,74.879997,75.389999,74.879997,75.339996,71.370644,7700
2019-08-29,76.230003,76.230003,75.510002,75.750000,71.759056,13500
2019-08-30,75.750000,76.250000,75.379997,75.430000,71.455902,5200
2019-09-03,75.330002,75.400002,74.839996,75.400002,71.427483,4100
2019-09-04,75.760002,75.760002,75.059998,75.230003,71.266441,11000
2019-09-05,75.500000,75.529999,74.930000,75.099998,71.143303,12700
2019-09-06,75.250000,75.300003,74.809998,74.809998,70.868561,4600
2019-09-09,75.089996,75.089996,74.080002,74.169998,70.262291,3800
2019-09-10,73.699997,73.699997,72.750000,72.970001,69.125519,7300
2019-09-11,75.430000,75.430000,75.430000,75.430000,71.455902,0
2019-09-12,75.430000,75.430000,75.430000,75.430000,71.455902,0
2019-09-13,75.430000,75.430000,75.430000,75.430000,71.455902,0
2019-09-16,75.430000,75.430000,75.430000,75.430000,71.455902,0
2019-09-17,75.430000,75.430000,75.430000,75.430000,71.455902,0
2019-09-18,75.430000,75.430000,75.430000,75.430000,71.455902,0
2019-09-19,73.660004,73.660004,72.940002,72.940002,69.097099,2100
2019-09-20,73.220001,73.220001,72.519997,72.580002,68.756058,5500
2019-09-23,72.470001,72.930000,72.470001,72.680000,68.980057,5300
2019-09-24,73.000000,73.000000,72.360001,72.570000,68.875648,4800
2019-09-25,72.669998,72.669998,72.129997,72.230003,68.552948,56300
2019-09-26,72.080002,72.260002,71.830002,72.050003,68.382133,6000
2019-09-27,71.830002,71.910004,71.320000,71.449997,67.812660,3500
2019-09-30,71.739998,72.169998,71.529999,72.099998,68.429573,34600
2019-10-01,72.250000,72.360001,71.690002,71.830002,68.173317,24100
2019-10-02,71.059998,71.150002,70.260002,70.680000,67.081863,12900
2019-10-03,71.519997,71.519997,70.559998,71.059998,67.442520,7800
2019-10-04,71.699997,72.269997,71.440002,71.809998,68.154335,5500
2019-10-07,72.040001,72.669998,71.830002,72.669998,68.970551,10000
2019-10-08,72.669998,72.669998,71.250000,71.250000,67.622856,7200
2019-10-09,71.750000,71.750000,70.739998,70.739998,67.138809,62600
2019-10-10,70.730003,71.269997,70.660004,71.209999,67.584869,7600
2019-10-11,71.410004,71.720001,71.040001,71.040001,67.423531,6400
2019-10-14,71.059998,71.279999,70.919998,70.919998,67.309639,4400
2019-10-15,70.620003,71.160004,70.620003,70.870003,67.262207,6400
2019-10-16,71.080002,71.080002,70.519997,70.800003,67.195755,5200
2019-10-17,71.379997,71.430000,71.190002,71.320000,67.689301,6600
2019-10-18,71.580002,71.580002,70.910004,71.139999,67.518448,5900
2019-10-21,71.339996,71.339996,71.029999,71.089996,67.470985,12500
2019-10-22,71.230003,71.230003,70.300003,70.300003,66.721199,10300
2019-10-23,70.110001,70.440002,70.110001,70.250000,66.673752,26000
2019-10-24,70.459999,70.519997,70.150002,70.449997,66.863571,24600
2019-10-25,70.500000,70.500000,70.080002,70.080002,66.512413,4600
2019-10-28,70.080002,70.830002,70.080002,70.419998,66.835098,5000
2019-10-29,70.589996,71.220001,70.440002,70.930000,67.319145,5500
2019-10-30,70.989998,71.480003,70.989998,71.349998,67.717766,4800
2019-10-31,71.300003,71.300003,70.739998,70.900002,67.290672,4500
2019-11-01,71.279999,71.339996,71.010002,71.010002,67.395073,5700
2019-11-04,71.269997,71.269997,70.190002,70.190002,66.616806,7400
2019-11-05,70.550003,70.750000,70.430000,70.470001,66.882538,39000
2019-11-06,69.860001,70.459999,69.839996,70.279999,66.702232,25900
2019-11-07,70.279999,70.389999,70.180000,70.220001,66.645279,8200
2019-11-08,70.379997,70.379997,69.690002,69.879997,66.322586,5700
2019-11-11,69.620003,69.980003,69.620003,69.889999,66.332069,8700
2019-11-12,70.089996,70.489998,70.089996,70.480003,66.892044,6300
2019-11-13,70.459999,70.690002,70.290001,70.680000,67.081863,6100
2019-11-14,70.940002,71.029999,70.690002,70.790001,67.186272,7100
2019-11-15,70.650002,70.849998,70.489998,70.790001,67.186272,14700
2019-11-18,70.760002,71.419998,70.760002,71.400002,67.765190,10500
2019-11-19,71.629997,71.989998,71.550003,71.900002,68.239761,59000
2019-11-20,71.970001,72.339996,71.889999,72.110001,68.439064,19900
2019-11-21,71.779999,71.779999,71.430000,71.430000,67.793686,7800
2019-11-22,71.480003,71.629997,71.209999,71.559998,67.917061,4100
2019-11-25,71.599998,72.250000,71.599998,72.250000,68.571930,2700
2019-11-26,72.209999,72.860001,72.209999,72.730003,69.027504,4100
2019-11-27,72.989998,73.269997,72.989998,73.269997,69.540016,2700
2019-11-29,72.959999,73.099998,72.720001,72.720001,69.018005,2700
2019-12-02,72.620003,72.620003,72.139999,72.519997,68.828171,10200
2019-12-03,72.269997,72.410004,72.029999,72.410004,68.723801,2600
2019-12-04,72.570000,73.250000,72.570000,73.199997,69.473572,16800
2019-12-05,73.239998,73.239998,72.900002,73.129997,69.407135,54900
2019-12-06,73.830002,73.830002,73.160004,73.160004,69.435623,12800
2019-12-09,73.290001,73.290001,72.940002,73.080002,69.359688,7000
2019-12-10,72.660004,72.660004,72.400002,72.400002,68.714302,2500
2019-12-11,72.559998,72.559998,72.269997,72.449997,68.761757,42100
2019-12-12,72.250000,72.660004,72.110001,72.180000,68.505508,5600
2019-12-13,71.699997,72.529999,71.699997,72.430000,68.742767,28000
2019-12-16,72.680000,73.059998,72.660004,72.879997,69.169853,3900
2019-12-17,72.889999,72.889999,72.570000,72.730003,69.027504,7500
2019-12-18,72.720001,72.940002,72.699997,72.930000,69.217323,8500
2019-12-19,72.900002,73.830002,72.900002,73.589996,69.843712,13800
2019-12-20,73.860001,74.400002,73.860001,74.400002,70.612488,4000
2019-12-23,74.589996,74.589996,74.129997,74.129997,70.479378,5400
2019-12-24,74.160004,74.160004,74.050003,74.110001,70.460365,3200
2019-12-26,74.089996,74.239998,73.970001,74.010002,70.365288,7800
2019-12-27,74.290001,74.400002,74.099998,74.360001,70.698051,3700
2019-12-30,74.339996,74.339996,73.790001,73.879997,70.241692,4600
2019-12-31,73.940002,74.190002,73.940002,74.089996,70.441338,5700
2020-01-02,74.290001,74.290001,73.279999,73.570000,69.946960,4500
2020-01-03,73.360001,74.290001,73.360001,74.150002,70.498398,19800
2020-01-06,73.980003,74.449997,73.820000,74.419998,70.755096,6600
2020-01-07,74.250000,74.410004,74.110001,74.160004,70.507896,6300
2020-01-08,74.120003,74.830002,74.110001,74.820000,71.135391,58600
2020-01-09,75.099998,75.099998,74.629997,74.730003,71.049828,13400
2020-01-10,74.860001,75.110001,74.849998,74.970001,71.278015,46400
2020-01-13,74.940002,75.550003,74.940002,75.510002,71.791420,63000
2020-01-14,75.580002,75.580002,75.180000,75.300003,71.591766,33800
2020-01-15,75.709999,75.839996,75.370003,75.480003,71.762894,4200
2020-01-16,75.709999,76.000000,75.709999,75.820000,72.086159,8800
2020-01-17,75.839996,76.080002,75.830002,76.029999,72.285812,6300
2020-01-21,75.750000,75.800003,75.470001,75.660004,71.934044,10000
2020-01-22,75.800003,75.910004,75.510002,75.559998,71.838959,11100
2020-01-23,75.190002,75.580002,75.010002,75.449997,71.734375,34500
2020-01-24,75.510002,75.510002,74.540001,74.790001,71.106873,29700
2020-01-27,74.050003,74.660004,73.889999,74.349998,70.688538,13700
2020-01-28,74.250000,74.419998,74.000000,74.080002,70.431847,3400
2020-01-29,74.300003,74.300003,73.879997,73.879997,70.241692,4300
2020-01-30,73.849998,74.239998,73.660004,74.239998,70.583961,6300
2020-01-31,74.180000,74.339996,73.080002,73.080002,69.481087,7400
2020-02-03,73.730003,73.800003,73.500000,73.589996,69.965958,4900
2020-02-04,74.120003,74.430000,73.830002,73.839996,70.203659,5800
2020-02-05,74.080002,74.269997,74.000000,74.080002,70.431847,13200
2020-02-06,74.360001,74.430000,74.139999,74.190002,70.536423,12700
2020-02-07,74.209999,74.209999,73.900002,74.059998,70.412834,8000
2020-02-10,74.029999,74.680000,74.029999,74.669998,70.992790,13800
2020-02-11,74.930000,74.970001,74.489998,74.540001,70.869202,5400
2020-02-12,74.620003,74.870003,74.570000,74.839996,71.154396,5800
2020-02-13,74.489998,75.400002,74.489998,75.239998,71.534721,4300
2020-02-14,75.470001,75.570000,75.419998,75.570000,71.848465,2400
2020-02-18,75.620003,75.669998,75.309998,75.360001,71.648819,6300
2020-02-19,75.489998,75.769997,75.489998,75.620003,71.896004,3400
2020-02-20,75.440002,75.620003,75.080002,75.620003,71.896004,9600
2020-02-21,75.650002,75.650002,75.250000,75.260002,71.553741,8900
2020-02-24,73.910004,74.019997,73.360001,73.720001,70.089569,63100
2020-02-25,73.769997,73.769997,71.680000,71.919998,68.378204,15400
2020-02-26,72.139999,72.139999,70.199997,70.199997,66.742928,10000
2020-02-27,69.300003,70.230003,68.300003,68.300003,64.936493,17600
2020-02-28,66.349998,67.000000,65.480003,65.690002,62.455017,16400
2020-03-02,66.750000,69.059998,66.750000,69.059998,65.659065,12800
2020-03-03,69.529999,70.360001,67.910004,68.550003,65.174164,9300
2020-03-04,69.349998,70.610001,69.029999,70.610001,67.132729,9000
2020-03-05,69.400002,69.610001,68.160004,68.709999,65.326302,6700
2020-03-06,67.160004,68.339996,66.790001,68.339996,64.974518,7700
2020-03-09,63.860001,65.370003,62.000000,64.000000,60.848248,19800
2020-03-10,64.809998,65.160004,62.680000,65.089996,61.884563,21200
2020-03-11,63.619999,63.619999,60.669998,61.360001,58.338253,8700
2020-03-12,57.650002,58.029999,53.570000,54.590000,51.901646,112000
2020-03-13,57.360001,58.000000,54.759998,58.000000,55.143715,73200
2020-03-16,55.570000,55.570000,50.680000,50.770000,48.269779,42600
2020-03-17,51.400002,53.860001,50.740002,53.660000,51.017445,13900
2020-03-18,50.459999,52.180000,45.810001,50.200001,47.727848,8600
2020-03-19,50.029999,53.250000,50.029999,52.040001,49.477226,9400
2020-03-20,52.980000,52.980000,50.549999,50.549999,48.060604,5800
2020-03-23,50.490002,50.490002,48.360001,49.520000,47.226135,12500
2020-03-24,51.369999,53.389999,51.369999,53.389999,50.916878,9600
2020-03-25,53.369999,55.000000,52.700001,53.770000,51.279266,43700
2020-03-26,53.919998,55.959999,53.919998,55.360001,52.795612,7000
2020-03-27,54.639999,56.270000,54.439999,55.279999,52.719322,61600
2020-03-30,55.660000,57.299999,55.660000,57.169998,54.521774,8600
2020-03-31,56.869999,57.290001,55.889999,56.279999,53.672997,6700
2020-04-01,55.259998,55.750000,54.599998,54.599998,52.070824,83700
2020-04-02,54.209999,55.660000,54.150002,55.660000,53.081722,3500
2020-04-03,55.470001,55.919998,54.910000,55.790001,53.205700,30700
2020-04-06,56.470001,57.990002,56.410000,57.790001,55.113056,34800
2020-04-07,58.549999,58.549999,57.180000,57.250000,54.598061,24100
2020-04-08,57.650002,58.080002,56.790001,58.000000,55.313328,7400
2020-04-09,58.389999,59.389999,58.389999,58.689999,55.971371,22900
2020-04-13,58.730000,58.730000,57.549999,58.070000,55.380085,3600
2020-04-14,59.070000,60.200001,59.070000,60.099998,57.316044,7700
2020-04-15,59.610001,59.669998,59.189999,59.580002,56.820141,6400
2020-04-16,59.849998,60.799999,59.759998,60.779999,57.964550,4600
2020-04-17,61.689999,61.689999,60.740002,61.580002,58.727497,4000
2020-04-20,60.740002,62.049999,60.740002,61.349998,58.508152,9500
2020-04-21,60.439999,60.599998,59.759998,59.950001,57.172997,5500
2020-04-22,60.630001,60.959999,60.340000,60.720001,57.907330,5000
2020-04-23,60.400002,60.869999,60.119999,60.500000,57.697521,3000
2020-04-24,60.520000,60.880001,60.279999,60.880001,58.059914,7700
2020-04-27,61.450001,61.830002,61.209999,61.759998,58.899147,8300
2020-04-28,61.919998,62.310001,61.610001,61.630001,58.775177,5100
2020-04-29,62.270000,62.270000,61.060001,61.580002,58.727497,4700
2020-04-30,61.110001,61.150002,60.660000,60.970001,58.145748,4700
2020-05-01,60.029999,60.770000,60.029999,60.349998,57.554466,9600
2020-05-04,60.580002,60.750000,59.910000,60.750000,57.935947,4300
2020-05-05,61.070000,62.080002,61.049999,61.610001,58.756104,29500
2020-05-06,61.610001,61.790001,61.480000,61.480000,58.632122,3000
2020-05-07,61.700001,61.889999,61.279999,61.310001,58.470001,4700
2020-05-08,62.119999,62.910000,62.119999,62.820000,59.910057,10300
2020-05-11,62.759998,63.360001,62.759998,63.200001,60.272449,2500
2020-05-12,63.130001,63.860001,63.080002,63.080002,60.158012,3800
2020-05-13,63.110001,64.000000,62.630001,63.130001,60.205696,30200
2020-05-14,62.709999,62.849998,62.009998,62.630001,59.728855,38800
2020-05-15,62.500000,63.709999,62.500000,63.490002,60.549023,4200
2020-05-18,64.129997,64.139999,63.720001,63.849998,60.892345,4000
2020-05-19,64.040001,64.050003,62.980000,62.980000,60.062641,1800
2020-05-20,63.330002,63.439999,63.090000,63.209999,60.281990,6000
2020-05-21,63.000000,63.000000,62.230000,62.590000,59.690704,16100
2020-05-22,62.599998,62.810001,62.509998,62.779999,59.871902,2500
2020-05-26,63.700001,63.700001,62.930000,62.930000,60.014954,2600
2020-05-27,62.950001,64.550003,62.880001,64.550003,61.559914,3700
2020-05-28,65.010002,65.529999,65.010002,65.320000,62.294250,2800
2020-05-29,64.750000,65.910004,64.750000,65.910004,62.856915,6000
2020-06-01,65.709999,66.849998,65.709999,66.410004,63.333775,11300
2020-06-02,66.720001,66.720001,66.110001,66.459999,63.381428,2800
2020-06-03,66.620003,66.629997,66.070000,66.070000,63.009506,7400
2020-06-04,65.690002,66.089996,65.260002,65.330002,62.303787,10500
2020-06-05,65.599998,65.910004,65.570000,65.910004,62.856915,5200
2020-06-08,65.739998,67.000000,65.739998,66.959999,63.858269,4900
2020-06-09,66.489998,66.720001,66.150002,66.410004,63.333775,3100
2020-06-10,66.040001,66.040001,65.430000,65.629997,62.589890,5400
2020-06-11,64.610001,64.650002,62.830002,62.980000,60.062641,6100
2020-06-12,63.820000,63.820000,62.610001,62.950001,60.034031,4500
2020-06-15,62.340000,63.910000,61.799999,63.860001,60.901878,7000
2020-06-16,64.910004,65.110001,64.360001,64.680000,61.683895,2700
2020-06-17,65.199997,65.199997,64.779999,64.779999,61.779263,2600
2020-06-18,64.930000,64.930000,64.489998,64.730003,61.731583,17100
2020-06-19,65.180000,65.449997,64.370003,64.370003,61.388256,1900
2020-06-22,63.930000,64.330002,63.930000,64.330002,61.518314,1800
2020-06-23,65.050003,65.050003,64.400002,64.400002,61.585251,2400
2020-06-24,63.930000,63.930000,63.130001,63.400002,60.628960,24200
2020-06-25,63.799999,64.300003,63.290001,64.290001,61.480064,7200
2020-06-26,64.169998,64.169998,63.310001,63.310001,60.542892,2600
2020-06-29,63.459999,64.470001,63.459999,64.349998,61.537434,9400
2020-06-30,64.430000,65.050003,64.430000,64.989998,62.149456,4400
2020-07-01,65.089996,65.970001,65.089996,65.650002,62.780632,14600
2020-07-02,66.309998,66.879997,66.309998,66.599998,63.689083,7100
2020-07-06,67.110001,67.220001,66.699997,66.750000,63.832535,3300
2020-07-07,66.559998,67.599998,66.559998,67.160004,64.224609,8200
2020-07-08,67.120003,67.519997,67.050003,67.519997,64.568871,4400
2020-07-09,67.370003,67.430000,66.370003,66.760002,63.842098,3700
2020-07-10,66.550003,67.690002,66.550003,67.690002,64.731468,8600
2020-07-13,67.900002,68.239998,66.779999,66.779999,63.861229,2500
2020-07-14,66.430000,68.220001,66.430000,68.220001,65.238289,1900
2020-07-15,68.669998,69.540001,68.669998,69.430000,66.395393,4700
2020-07-16,69.629997,69.669998,69.489998,69.620003,66.577095,2100
2020-07-17,69.769997,70.180000,69.730003,69.910004,66.854408,3800
2020-07-20,69.589996,69.669998,69.519997,69.669998,66.624908,2700
2020-07-21,69.860001,70.589996,69.860001,70.279999,67.208252,3900
2020-07-22,70.110001,70.610001,70.110001,70.610001,67.523827,5200
2020-07-23,70.769997,71.639999,70.629997,70.629997,67.542953,1900
2020-07-24,70.669998,71.010002,70.570000,70.860001,67.762894,4000
2020-07-27,71.199997,71.720001,71.199997,71.699997,68.566185,3900
2020-07-28,71.309998,72.070000,71.309998,71.500000,68.374924,6000
2020-07-29,72.529999,74.400002,72.529999,74.300003,71.052559,8400
2020-07-30,73.459999,74.080002,73.330002,74.029999,70.794342,1500
2020-07-31,74.379997,74.379997,73.489998,74.010002,70.775223,2800
2020-08-03,73.779999,74.290001,73.779999,74.230003,70.985596,5100
2020-08-04,74.529999,75.180000,74.529999,75.169998,71.884521,4400
2020-08-05,75.309998,76.000000,75.309998,76.000000,72.678246,4000
2020-08-06,75.889999,76.080002,75.550003,75.980003,72.659126,3800
2020-08-07,75.589996,76.580002,75.589996,76.150002,72.821686,23800
2020-08-10,76.410004,76.410004,75.650002,75.650002,72.343536,19600
2020-08-11,75.959999,76.000000,74.830002,74.879997,71.607201,6100
2020-08-12,75.559998,75.989998,75.550003,75.830002,72.515671,2700
2020-08-13,75.370003,76.209999,75.370003,76.019997,72.697372,9300
2020-08-14,75.930000,76.080002,75.800003,75.839996,72.525238,2600
2020-08-17,76.430000,76.480003,76.260002,76.449997,73.108574,2000
2020-08-18,76.300003,76.480003,75.849998,76.290001,72.955574,6400
2020-08-19,76.190002,76.470001,76.099998,76.099998,72.773865,6500
2020-08-20,75.970001,76.019997,75.779999,75.980003,72.659126,1700
2020-08-21,75.930000,75.949997,75.519997,75.949997,72.630424,3500
2020-08-24,76.059998,76.400002,76.059998,76.400002,73.060753,8500
2020-08-25,76.239998,76.430000,75.849998,76.430000,73.089447,1900
2020-08-26,76.050003,76.230003,75.860001,76.230003,72.898201,1100
2020-08-27,77.260002,77.260002,76.610001,76.760002,73.405022,10500
2020-08-28,76.550003,76.930000,76.519997,76.930000,73.567589,4800
2020-08-31,76.559998,77.099998,76.559998,77.099998,73.730164,4300
2020-09-01,77.190002,77.949997,76.860001,77.919998,74.514320,3100
2020-09-02,78.250000,79.669998,78.250000,79.669998,76.187836,3400
2020-09-03,79.000000,79.639999,77.360001,77.430000,74.045753,2800
2020-09-04,77.220001,77.220001,75.059998,76.730003,73.376335,3500
2020-09-08,75.910004,76.580002,75.639999,75.690002,72.381805,2600
2020-09-09,77.250000,77.629997,77.239998,77.400002,74.017059,1900
2020-09-10,77.769997,77.769997,77.019997,77.019997,73.653664,11400
2020-09-11,77.250000,77.519997,76.419998,76.739998,73.385902,6700
2020-09-14,77.440002,77.930000,77.440002,77.930000,74.523895,2300
2020-09-15,78.190002,78.809998,78.190002,78.459999,75.030731,3900
2020-09-16,78.949997,79.000000,78.250000,78.250000,74.829895,1400
2020-09-17,77.800003,78.070000,77.449997,78.070000,74.657784,1900
2020-09-18,77.089996,77.089996,76.610001,76.690002,73.338097,800
2020-09-21,76.519997,76.519997,75.629997,76.290001,73.134850,2200
2020-09-22,77.099998,77.790001,76.959999,77.680000,74.467361,3200
2020-09-23,77.500000,77.680000,75.830002,75.830002,72.693878,18500
2020-09-24,74.919998,76.379997,74.919998,75.550003,72.425453,14000
2020-09-25,75.190002,75.959999,75.190002,75.949997,72.808907,3900
2020-09-28,76.800003,77.029999,76.449997,76.589996,73.422455,25200
2020-09-29,76.599998,76.610001,75.720001,75.730003,72.598015,7000
2020-09-30,76.180000,76.730003,75.919998,75.919998,72.780144,31100
2020-10-01,76.449997,77.139999,76.019997,77.080002,73.892197,4500
2020-10-02,76.910004,77.279999,76.389999,77.129997,73.940102,4900
2020-10-05,77.830002,77.980003,77.440002,77.980003,74.754974,4200
2020-10-06,78.459999,78.910004,77.540001,77.790001,74.572823,1300
2020-10-07,79.110001,79.220001,79.010002,79.220001,75.943680,1300
2020-10-08,79.720001,79.720001,79.190002,79.290001,76.010780,600
2020-10-09,80.250000,80.279999,79.769997,80.279999,76.959831,4700
2020-10-12,80.910004,81.099998,80.769997,81.040001,77.688393,2200
2020-10-13,80.650002,81.120003,80.650002,81.120003,77.765099,3000
2020-10-14,81.540001,81.599998,80.940002,80.940002,77.592545,1400
2020-10-15,80.650002,81.120003,80.629997,81.120003,77.765099,1600
2020-10-16,81.089996,81.320000,80.690002,80.690002,77.352882,2200
2020-10-19,80.809998,81.389999,79.669998,79.769997,76.470924,4400
2020-10-20,80.029999,80.230003,79.699997,79.699997,76.403831,2500
2020-10-21,79.760002,79.760002,79.760002,79.760002,76.461342,400
2020-10-22,79.889999,80.150002,79.889999,80.150002,76.835228,2500
2020-10-23,80.269997,80.730003,79.989998,80.730003,77.391235,2300
2020-10-26,79.760002,80.449997,79.110001,79.150002,75.876579,5100
2020-10-27,80.320000,80.320000,79.610001,79.690002,76.394234,2500
2020-10-28,78.870003,79.290001,78.410004,78.410004,75.167183,3100
2020-10-29,78.540001,79.230003,78.540001,79.110001,75.838234,3200
2020-10-30,77.300003,77.629997,76.750000,77.250000,74.055153,3600
2020-11-02,77.949997,78.839996,77.949997,78.300003,75.061722,6400
2020-11-03,80.110001,80.110001,79.879997,79.879997,76.576385,1500
2020-11-04,80.720001,81.550003,80.720001,80.750000,77.410400,3300
2020-11-05,81.989998,82.570000,81.989998,82.570000,79.155136,3100
2020-11-06,83.029999,83.029999,82.379997,82.410004,79.001755,2500
2020-11-09,84.699997,84.800003,80.900002,81.040001,77.688393,85200
2020-11-10,80.080002,80.599998,79.680000,80.449997,77.122803,3500
2020-11-11,81.190002,82.019997,80.830002,81.800003,78.416977,6600
2020-11-12,81.220001,81.220001,81.220001,81.220001,77.860970,600
2020-11-13,82.110001,82.760002,82.110001,82.760002,79.337273,3400
2020-11-16,83.209999,83.900002,83.199997,83.800003,80.334267,1500
2020-11-17,83.470001,84.660004,83.440002,84.370003,80.880692,3600
2020-11-18,84.550003,84.550003,83.809998,83.809998,80.343849,2100
2020-11-19,83.209999,83.620003,83.120003,83.510002,80.056252,5000
2020-11-20,83.370003,83.470001,83.339996,83.349998,79.902878,2300
2020-11-23,83.430000,83.879997,83.430000,83.800003,80.334267,9700
2020-11-24,84.099998,84.150002,83.800003,83.910004,80.439705,2700
2020-11-25,83.300003,83.980003,83.300003,83.790001,80.324677,5600
2020-11-27,84.080002,84.080002,83.830002,84.059998,80.583504,1900
2020-11-30,83.879997,83.900002,83.220001,83.900002,80.430122,5800
2020-12-01,84.279999,84.690002,83.900002,84.690002,81.187454,3200
2020-12-02,83.849998,83.849998,83.110001,83.449997,79.998741,2900
2020-12-03,83.989998,84.510002,83.989998,84.309998,80.823166,4500
2020-12-04,84.309998,85.099998,84.309998,85.099998,81.580490,3700
2020-12-07,85.410004,85.410004,84.680000,84.709999,81.206619,1300
2020-12-08,84.379997,85.440002,84.379997,85.440002,81.906433,1600
2020-12-09,85.070000,85.070000,84.410004,84.410004,80.919014,2300
2020-12-10,84.199997,84.629997,84.199997,84.629997,81.129929,2900
2020-12-11,84.379997,84.379997,84.370003,84.370003,80.880692,900
2020-12-14,85.050003,85.050003,84.269997,84.269997,80.784821,1400
2020-12-15,84.430000,84.739998,84.430000,84.739998,81.235382,2000
2020-12-16,85.279999,85.349998,84.919998,85.199997,81.676369,2900
2020-12-17,85.660004,86.190002,85.660004,86.129997,82.567886,1400
2020-12-18,86.610001,86.610001,86.230003,86.230003,82.663773,3100
2020-12-21,85.300003,85.959999,84.879997,85.959999,82.571556,2500
2020-12-22,86.279999,86.440002,86.059998,86.339996,82.936569,2400
2020-12-23,86.550003,87.120003,86.550003,87.120003,83.685822,1300
2020-12-24,86.959999,87.089996,86.959999,87.089996,83.657005,500
2020-12-28,87.940002,87.940002,86.820000,86.980003,83.551346,1300
2020-12-29,86.339996,86.559998,85.900002,86.089996,82.696419,5800
2020-12-30,86.120003,86.720001,86.120003,86.440002,83.032646,9800
2020-12-31,86.639999,86.639999,86.639999,86.639999,83.224739,500
2021-01-04,87.269997,87.269997,84.150002,85.110001,81.755043,11600
2021-01-05,85.589996,86.529999,85.589996,86.370003,82.965378,3300
2021-01-06,87.239998,88.639999,87.239998,88.250000,84.771278,4900
2021-01-07,88.639999,88.800003,88.449997,88.519997,85.030624,4300
2021-01-08,89.339996,89.360001,88.980003,89.360001,85.837532,1500
2021-01-11,89.440002,89.440002,88.699997,88.750000,85.251556,2700
2021-01-12,89.019997,89.099998,88.739998,88.739998,85.241966,2900
2021-01-13,89.180000,89.209999,88.620003,88.620003,85.126701,5000
2021-01-14,89.080002,89.389999,88.809998,88.900002,85.395653,7200
2021-01-15,88.750000,88.750000,88.000000,88.349998,84.867340,3500
2021-01-19,89.220001,89.220001,88.129997,88.269997,84.790489,4100
2021-01-20,88.589996,89.000000,88.330002,89.000000,85.491714,2600
2021-01-21,88.720001,88.919998,88.629997,88.730003,85.232368,9300
2021-01-22,88.300003,88.400002,88.099998,88.400002,84.915375,1600
2021-01-25,88.620003,89.980003,88.459999,89.110001,85.597374,8100
2021-01-26,89.239998,89.739998,89.239998,89.739998,86.202538,1700
2021-01-27,88.900002,89.730003,88.330002,89.000000,85.491714,2100
2021-01-28,88.900002,89.139999,88.300003,89.000000,85.491714,2800
2021-01-29,88.940002,89.089996,87.129997,87.360001,83.916359,4100
2021-02-01,87.540001,87.919998,86.839996,87.769997,84.310204,39200
2021-02-02,87.940002,89.050003,87.940002,88.910004,85.405266,3700
2021-02-03,89.430000,89.839996,88.550003,89.839996,86.298599,1600
2021-02-04,90.059998,90.650002,90.059998,90.589996,87.019028,2700
2021-02-05,91.309998,92.040001,91.300003,91.849998,88.229370,32800
2021-02-08,92.699997,93.400002,92.699997,93.400002,89.718285,4200
2021-02-09,93.180000,93.459999,92.589996,93.290001,89.612617,3000
2021-02-10,94.040001,94.250000,93.379997,93.940002,90.236984,3600
2021-02-11,93.230003,93.389999,92.800003,93.389999,89.708649,3200
2021-02-12,93.459999,93.919998,93.440002,93.919998,90.217758,9800
2021-02-16,94.500000,94.500000,93.339996,93.690002,89.996841,7100
2021-02-17,93.629997,93.629997,92.440002,93.129997,89.458908,4600
2021-02-18,92.650002,92.800003,92.320000,92.489998,88.844147,1800
2021-02-19,92.879997,93.510002,92.870003,92.870003,89.209160,1200
2021-02-22,92.370003,92.370003,91.510002,92.070000,88.440689,4200
2021-02-23,91.120003,91.190002,89.860001,91.190002,87.595383,2900
2021-02-24,91.190002,92.000000,91.190002,91.820000,88.200539,3000
2021-02-25,92.370003,92.370003,89.230003,89.230003,85.712646,5400
2021-02-26,89.580002,90.279999,89.480003,89.980003,86.433075,3400
2021-03-01,90.339996,91.750000,90.339996,91.750000,88.133316,3200
2021-03-02,91.989998,91.989998,90.900002,91.110001,87.518547,8600
2021-03-03,90.820000,90.860001,90.309998,90.309998,86.750076,7400
2021-03-04,88.930000,89.849998,87.360001,88.400002,84.915375,8400
2021-03-05,88.519997,90.760002,87.410004,90.680000,87.105492,4900
2021-03-08,91.169998,91.690002,90.830002,90.830002,87.249580,5200
2021-03-09,91.949997,92.650002,91.849998,91.930000,88.306213,21900
2021-03-10,92.080002,92.320000,91.750000,92.320000,88.680840,5400
2021-03-11,92.959999,93.559998,92.959999,93.540001,89.852768,3000
2021-03-12,93.300003,93.889999,93.300003,93.830002,90.131317,4300
2021-03-15,94.239998,94.769997,94.239998,94.769997,91.034264,5100
2021-03-16,94.620003,94.620003,93.800003,93.800003,90.102509,4500
2021-03-17,93.029999,93.820000,92.959999,93.570000,89.881577,2900
2021-03-18,93.349998,93.349998,92.330002,93.029999,89.362862,2200
2021-03-19,91.879997,92.930000,91.879997,92.720001,89.065086,2300
2021-03-22,92.279999,92.389999,92.099998,92.180000,88.665886,25400
2021-03-23,91.790001,91.790001,90.830002,90.849998,87.386604,3100
2021-03-24,91.029999,91.199997,89.570000,89.580002,86.165016,2300
2021-03-25,88.989998,91.199997,88.989998,91.010002,87.540504,3500
2021-03-26,91.570000,92.550003,91.529999,92.550003,89.021797,4800
2021-03-29,92.459999,92.760002,91.360001,91.800003,88.300385,1800
2021-03-30,91.690002,92.519997,91.690002,92.519997,88.992928,9400
2021-03-31,92.750000,93.199997,92.690002,92.690002,89.156456,2300
2021-04-01,93.260002,93.669998,92.570000,93.480003,89.916336,5300
2021-04-05,94.330002,94.330002,93.629997,94.180000,90.589653,8600
2021-04-06,94.320000,94.849998,94.320000,94.400002,90.801270,8000
2021-04-07,93.910004,93.910004,93.349998,93.400002,89.839394,2700
2021-04-08,93.370003,93.709999,92.910004,93.709999,90.137573,2200
2021-04-09,93.459999,93.459999,93.040001,93.309998,89.752823,1800
2021-04-12,93.260002,93.669998,93.260002,93.279999,89.723961,3000
2021-04-13,93.300003,93.400002,92.720001,93.220001,89.666237,5800
2021-04-14,93.139999,94.019997,93.139999,93.250000,89.695107,7300
2021-04-15,93.300003,93.709999,93.300003,93.709999,90.137573,1600
2021-04-16,94.199997,94.580002,94.000000,94.389999,90.791634,2400
2021-04-19,93.660004,93.860001,93.529999,93.860001,90.281853,22100
2021-04-20,92.519997,92.540001,92.220001,92.449997,88.925598,2300
2021-04-21,93.879997,94.269997,93.879997,94.239998,90.647354,1100
2021-04-22,94.449997,94.970001,94.029999,94.209999,90.618507,1500
2021-04-23,95.129997,95.190002,95.129997,95.139999,91.513054,1000
2021-04-26,95.690002,95.690002,94.690002,94.959999,91.339905,7800
2021-04-27,94.940002,95.260002,94.940002,95.169998,91.541908,1900
2021-04-28,95.040001,95.040001,94.720001,94.720001,91.109062,1200
2021-04-29,94.830002,95.050003,94.510002,95.050003,91.426483,1300
2021-04-30,94.910004,94.910004,94.349998,94.349998,90.753166,2300
2021-05-03,94.720001,94.889999,94.720001,94.760002,91.147545,2100
2021-05-04,94.389999,94.389999,93.139999,93.589996,90.022133,5600
2021-05-05,94.099998,94.099998,93.830002,93.830002,90.252991,1600
2021-05-06,94.370003,94.370003,93.650002,94.139999,90.551178,2200
2021-05-07,95.000000,96.029999,94.940002,96.029999,92.369125,2800
2021-05-10,96.180000,96.180000,95.540001,95.580002,91.936279,5200
2021-05-11,94.470001,94.470001,93.589996,94.269997,90.676216,3900
2021-05-12,93.250000,93.250000,91.980003,91.980003,88.473526,3000
2021-05-13,92.199997,93.639999,92.199997,93.639999,90.070236,1200
2021-05-14,94.059998,94.970001,94.059998,94.949997,91.330284,3600
2021-05-17,94.510002,94.760002,94.489998,94.760002,91.147545,1800
2021-05-18,94.709999,95.050003,94.410004,94.410004,90.810890,3800
2021-05-19,92.459999,92.809998,92.459999,92.809998,89.271881,6700
2021-05-20,93.309998,93.629997,93.199997,93.629997,90.060600,2000
2021-05-21,93.940002,94.360001,93.800003,93.800003,90.224136,3100
2021-05-24,94.599998,94.910004,94.599998,94.790001,91.176399,4600
2021-05-25,94.800003,94.930000,94.580002,94.919998,91.301430,8500
2021-05-26,95.370003,95.699997,95.349998,95.620003,91.974754,2100
2021-05-27,95.900002,96.540001,95.900002,96.540001,92.859680,1000
2021-05-28,96.570000,96.660004,96.160004,96.220001,92.551888,1700
2021-06-01,97.000000,97.000000,96.790001,96.989998,93.292526,2100
2021-06-02,97.050003,97.050003,96.720001,96.730003,93.042442,1900
2021-06-03,96.709999,97.570000,96.709999,97.510002,93.792702,3300
2021-06-04,97.779999,97.779999,97.199997,97.199997,93.494522,1100
2021-06-07,97.559998,97.790001,97.419998,97.790001,94.062019,2900
2021-06-08,98.379997,98.529999,98.110001,98.379997,94.629539,2600
2021-06-09,97.620003,97.620003,96.599998,96.599998,92.917389,1400
2021-06-10,96.599998,96.599998,96.599998,96.599998,92.917389,900
2021-06-11,96.459999,96.459999,96.129997,96.129997,92.465309,1200
2021-06-14,96.080002,96.080002,95.879997,95.879997,92.224846,1000
2021-06-15,96.089996,96.089996,95.190002,95.190002,91.561142,2500
2021-06-16,94.730003,94.730003,93.760002,93.809998,90.233749,1100
2021-06-17,93.650002,93.709999,93.099998,93.580002,90.012527,3500
2021-06-18,91.809998,92.070000,91.800003,91.800003,88.300385,1800
2021-06-21,92.199997,92.510002,92.180000,92.510002,89.325836,4600
2021-06-22,92.300003,92.650002,92.300003,92.650002,89.461006,2200
2021-06-23,93.000000,93.349998,92.889999,93.349998,90.136909,2600
2021-06-24,93.440002,93.930000,93.370003,93.820000,90.590744,2900
2021-06-25,94.000000,94.470001,93.839996,94.470001,91.218369,2400
2021-06-28,94.610001,94.610001,93.199997,93.430000,90.214165,5500
2021-06-29,93.489998,93.790001,93.290001,93.290001,90.078995,4200
2021-06-30,93.239998,93.900002,93.239998,93.589996,90.368660,2600
2021-07-01,93.870003,93.940002,93.870003,93.940002,90.706612,600
2021-07-02,93.720001,93.720001,93.400002,93.559998,90.339684,4400
2021-07-06,92.430000,92.589996,92.410004,92.589996,89.403076,1100
2021-07-07,92.250000,92.610001,92.250000,92.400002,89.219620,1800
2021-07-08,90.750000,92.000000,90.750000,91.559998,88.408524,2600
2021-07-09,92.559998,92.580002,92.559998,92.580002,89.393425,1300
2021-07-12,93.099998,93.099998,92.680000,92.730003,89.538261,1900
2021-07-13,92.800003,92.800003,92.010002,92.010002,88.843056,1200
2021-07-14,91.760002,92.250000,91.570000,91.570000,88.418190,3300
2021-07-15,91.260002,91.370003,90.889999,91.370003,88.225082,3100
2021-07-16,91.769997,91.769997,91.529999,91.629997,88.476120,1300
2021-07-19,89.680000,89.680000,88.940002,89.269997,86.197350,1800
2021-07-20,89.980003,91.500000,89.980003,91.500000,88.350586,900
2021-07-21,92.320000,92.320000,92.320000,92.320000,89.142365,800
2021-07-22,92.400002,92.400002,91.290001,91.309998,88.167137,2200
2021-07-23,91.849998,92.309998,91.709999,92.309998,89.132713,2200
2021-07-26,92.510002,92.650002,92.330002,92.550003,89.364456,1600
2021-07-27,92.389999,92.389999,91.389999,91.550003,88.398872,2100
2021-07-28,92.160004,92.160004,91.919998,92.029999,88.862350,900
2021-07-29,92.910004,93.279999,92.910004,93.279999,90.069321,700
2021-07-30,93.309998,93.309998,92.540001,92.540001,89.354790,2400
2021-08-02,92.480003,92.480003,91.690002,91.690002,88.534065,1600
2021-08-03,91.239998,92.040001,91.059998,91.699997,88.543694,1700
2021-08-04,91.370003,91.419998,90.699997,90.699997,87.578117,3300
2021-08-05,91.669998,91.779999,91.669998,91.779999,88.620956,1000
2021-08-06,92.080002,92.080002,91.989998,91.989998,88.823730,600
2021-08-09,92.110001,92.150002,92.040001,92.040001,88.872002,1400
2021-08-10,92.080002,92.830002,92.080002,92.830002,89.634819,1600
2021-08-11,92.570000,92.570000,92.379997,92.500000,89.316162,1800
2021-08-12,92.150002,92.150002,92.070000,92.110001,88.939598,1300
2021-08-13,92.050003,92.330002,92.050003,92.330002,89.152023,1300
2021-08-16,92.180000,92.199997,92.169998,92.169998,88.997528,1300
2021-08-17,91.790001,91.790001,91.010002,91.580002,88.427834,1700
2021-08-18,91.400002,91.529999,90.449997,90.449997,87.336739,1000
2021-08-19,90.000000,90.669998,90.000000,90.169998,87.066376,1500
2021-08-20,90.400002,90.989998,90.349998,90.730003,87.607094,2800
2021-08-23,91.089996,91.589996,91.089996,91.510002,88.360245,1600
2021-08-24,91.290001,91.290001,91.150002,91.190002,88.051270,2300
2021-08-25,92.199997,92.199997,91.730003,91.730003,88.572678,800
2021-08-26,92.019997,92.019997,91.180000,91.180000,88.041595,1200
2021-08-27,92.680000,92.870003,92.680000,92.870003,89.673439,800
2021-08-30,92.529999,92.529999,92.279999,92.279999,89.103752,800
2021-08-31,92.459999,92.459999,92.220001,92.220001,89.045807,1200
2021-09-01,92.989998,92.989998,92.989998,92.989998,89.789299,300
2021-09-02,93.269997,93.449997,92.949997,92.949997,89.750687,1400
2021-09-03,92.680000,92.680000,92.680000,92.680000,89.489975,800
2021-09-07,92.760002,92.760002,92.099998,92.099998,88.929932,1300
2021-09-08,91.370003,92.180000,91.370003,92.120003,88.949257,1000
2021-09-09,92.000000,92.000000,91.720001,91.720001,88.563011,1500
2021-09-10,91.599998,91.760002,91.000000,91.000000,87.867805,3600
2021-09-13,91.570000,91.570000,91.089996,91.239998,88.099533,2400
2021-09-14,91.519997,91.519997,90.529999,90.589996,87.471909,1300
2021-09-15,90.059998,90.360001,90.059998,90.150002,87.047058,1400
2021-09-16,90.529999,91.260002,90.510002,91.260002,88.118835,1700
2021-09-17,90.519997,90.820000,90.519997,90.620003,87.500877,2800
2021-09-20,88.629997,88.639999,88.029999,88.029999,85.333374,3400
2021-09-21,89.220001,89.430000,88.730003,89.040001,86.312431,6300
2021-09-22,89.839996,90.040001,89.839996,89.879997,87.126709,1400
2021-09-23,90.660004,90.760002,90.209999,90.209999,87.446609,30000
2021-09-24,89.910004,90.010002,89.910004,89.910004,87.155800,7500
2021-09-27,89.790001,90.970001,89.790001,90.430000,87.659859,18500
2021-09-28,90.059998,90.570000,89.790001,90.459999,87.688942,2600
2021-09-29,90.389999,91.150002,90.180000,90.779999,87.999138,6400
2021-09-30,91.110001,91.110001,89.459999,89.459999,86.719574,1900
2021-10-01,89.669998,90.239998,88.980003,90.150002,87.388443,7500
2021-10-04,89.110001,89.599998,89.110001,89.459999,86.719574,1700
2021-10-05,90.580002,90.580002,90.180000,90.260002,87.495064,2600
2021-10-06,89.459999,90.269997,89.410004,90.070000,87.310890,1700
2021-10-07,90.500000,91.629997,90.500000,90.959999,88.173615,11700
2021-10-08,90.970001,90.970001,90.089996,90.089996,87.330269,2200
2021-10-11,90.050003,90.160004,89.209999,89.209999,86.477242,3200
2021-10-12,89.709999,89.949997,89.330002,89.500000,86.758347,2200
2021-10-13,89.739998,89.739998,89.239998,89.570000,86.826202,4300
2021-10-14,90.489998,90.489998,90.260002,90.260002,87.495064,3700
2021-10-15,90.860001,90.860001,90.389999,90.389999,87.621094,900
2021-10-18,89.580002,90.199997,89.239998,90.199997,87.436897,900
2021-10-19,90.540001,90.540001,89.529999,90.110001,87.349655,3200
2021-10-20,91.089996,91.089996,90.500000,90.500000,87.727722,1200
2021-10-21,90.739998,90.739998,90.160004,90.489998,87.718010,6600
2021-10-22,90.680000,91.139999,90.680000,90.839996,88.057304,1400
2021-10-25,91.110001,91.209999,90.959999,90.959999,88.173615,2400
2021-10-26,91.300003,91.330002,90.699997,90.779999,87.999138,1900
2021-10-27,90.360001,90.360001,89.959999,89.959999,87.204239,1000
2021-10-28,90.470001,90.639999,90.470001,90.620003,87.844040,1600
2021-10-29,91.050003,91.220001,90.889999,91.220001,88.425659,22700
2021-11-01,92.309998,93.139999,92.309998,93.139999,90.286842,1500
2021-11-02,91.860001,91.860001,90.940002,91.349998,88.551674,2700
2021-11-03,92.660004,92.989998,92.519997,92.989998,90.141441,3400
2021-11-04,92.970001,92.970001,92.570000,92.779999,89.937866,800
2021-11-05,93.489998,93.720001,93.290001,93.540001,90.674591,1400
2021-11-08,94.110001,94.110001,93.180000,93.180000,90.325615,4900
2021-11-09,93.180000,93.180000,93.180000,93.180000,90.325615,0
2021-11-10,92.290001,92.459999,92.010002,92.010002,89.191460,1100
2021-11-11,91.620003,91.779999,91.580002,91.760002,88.949120,4300
2021-11-12,92.129997,92.389999,92.080002,92.379997,89.550117,2400
2021-11-15,91.739998,91.889999,91.739998,91.889999,89.075134,1300
2021-11-16,91.980003,92.110001,91.919998,92.029999,89.210846,2500
2021-11-17,91.690002,91.690002,91.690002,91.690002,88.881256,500
2021-11-18,91.320000,91.320000,90.290001,90.400002,87.630768,1800
2021-11-19,90.309998,90.430000,90.150002,90.150002,87.388443,1600
2021-11-22,90.519997,90.750000,90.519997,90.750000,87.970055,2600
2021-11-23,90.419998,90.500000,89.940002,90.410004,87.640480,2800
2021-11-24,89.959999,90.059998,89.949997,90.059998,87.301193,2700
2021-11-26,88.559998,88.639999,88.239998,88.620003,85.905312,700
2021-11-29,88.769997,88.879997,88.470001,88.839996,86.118561,7400
2021-11-30,87.970001,87.970001,86.440002,86.629997,83.976250,2400
2021-12-01,87.489998,87.489998,84.870003,84.870003,82.270180,1700
2021-12-02,85.129997,86.900002,85.129997,86.570000,83.918098,4700
2021-12-03,86.089996,86.440002,85.900002,86.059998,83.423721,1600
2021-12-06,86.589996,88.269997,86.589996,87.970001,85.275223,9600
2021-12-07,88.870003,89.459999,88.519997,88.519997,85.808365,2500
2021-12-08,88.830002,89.309998,88.610001,89.309998,86.574158,11400
2021-12-09,88.930000,88.930000,88.260002,88.260002,85.556335,11000
2021-12-10,88.300003,88.300003,87.919998,88.099998,85.401230,3400
2021-12-13,87.779999,87.989998,87.459999,87.849998,85.158882,1500
2021-12-14,87.389999,87.599998,87.339996,87.370003,84.693596,3000
2021-12-15,87.209999,88.459999,87.209999,88.459999,85.750206,3500
2021-12-16,89.050003,89.300003,88.430000,88.430000,85.721130,5000
2021-12-17,88.330002,88.330002,88.089996,88.199997,85.498177,1500
2021-12-20,86.510002,86.849998,86.160004,86.849998,84.483597,3000
2021-12-21,87.360001,88.099998,87.360001,88.099998,85.699524,5600
2021-12-22,88.029999,88.820000,87.959999,88.820000,86.399918,2300
2021-12-23,89.150002,89.650002,89.150002,89.650002,87.207298,4600
2021-12-27,89.430000,90.330002,89.430000,90.330002,87.868774,5300
2021-12-28,90.160004,90.529999,90.160004,90.500000,88.034142,66400
2021-12-29,90.300003,90.940002,90.300003,90.870003,88.394051,6700
2021-12-30,90.730003,91.379997,90.730003,90.930000,88.452415,6100
2021-12-31,90.790001,91.440002,90.790001,91.440002,88.948524,4300
2022-01-03,91.089996,91.220001,90.720001,91.220001,88.734520,1500
2022-01-04,91.449997,91.639999,91.339996,91.339996,88.851257,1300
2022-01-05,91.430000,91.769997,91.349998,91.349998,88.860977,2100
2022-01-06,90.669998,90.669998,90.389999,90.449997,87.985497,1100
2022-01-07,90.059998,90.059998,89.980003,89.980003,87.528313,800
2022-01-10,87.769997,87.769997,87.769997,87.769997,85.378510,600
2022-01-11,87.440002,88.559998,87.440002,88.559998,86.146996,3700
2022-01-12,88.620003,88.959999,88.150002,88.440002,86.030273,10100
2022-01-13,88.930000,89.040001,88.669998,89.040001,86.613922,2100
2022-01-14,87.550003,87.989998,87.190002,87.879997,85.485527,19200
2022-01-18,87.269997,87.269997,86.080002,86.080002,83.734566,3200
2022-01-19,86.120003,86.330002,85.279999,85.279999,82.956375,2400
2022-01-20,85.900002,86.040001,83.830002,83.830002,81.545883,1800
2022-01-21,83.660004,84.580002,83.199997,83.199997,80.933037,3300
2022-01-24,82.150002,83.349998,82.150002,83.349998,81.078957,1500
2022-01-25,83.050003,83.349998,82.540001,82.959999,80.699577,1100
2022-01-26,84.250000,84.250000,81.910004,82.250000,80.008926,4100
2022-01-27,83.250000,83.629997,81.650002,81.699997,79.473907,2500
2022-01-28,80.889999,82.809998,80.889999,82.809998,80.553658,1800
2022-01-31,82.430000,84.230003,82.430000,84.230003,81.934975,900
2022-02-01,84.120003,84.769997,84.120003,84.769997,82.460258,63900
2022-02-02,84.839996,85.239998,84.739998,85.120003,82.800720,2800
2022-02-03,84.059998,84.809998,84.059998,84.809998,82.499184,1100
2022-02-04,84.000000,84.250000,84.000000,84.250000,81.954437,1400
2022-02-07,84.500000,85.000000,84.320000,84.519997,82.217079,378700
2022-02-08,84.459999,85.940002,84.459999,85.860001,83.520561,30500
2022-02-09,87.050003,87.080002,86.699997,86.930000,84.561409,37300
2022-02-10,85.940002,87.300003,85.879997,85.879997,83.540009,15500
2022-02-11,86.110001,86.900002,85.570000,85.769997,83.433014,12500
2022-02-14,85.050003,85.519997,84.980003,85.480003,83.150917,4300
2022-02-15,86.550003,86.550003,86.300003,86.300003,83.948578,4700
2022-02-16,85.760002,86.139999,85.489998,86.139999,83.792938,5100
2022-02-17,85.220001,85.349998,84.790001,84.910004,82.596451,3900
2022-02-18,84.599998,84.860001,84.160004,84.629997,82.324066,5900
2022-02-22,84.040001,84.239998,82.750000,83.889999,81.604240,6700
2022-02-23,83.660004,83.930000,82.510002,82.510002,80.261848,4000
2022-02-24,80.610001,82.599998,80.510002,82.599998,80.349396,14300
2022-02-25,83.400002,85.750000,83.400002,85.629997,83.296822,1700
2022-02-28,85.639999,85.639999,84.599998,85.029999,82.713173,5400
2022-03-01,85.699997,85.699997,84.769997,84.879997,82.567268,5900
2022-03-02,86.199997,86.839996,86.070000,86.629997,84.269577,14100
2022-03-03,86.940002,86.940002,86.279999,86.279999,83.929123,3800
2022-03-04,85.440002,85.940002,85.309998,85.519997,83.189835,3000
2022-03-07,85.440002,85.500000,82.459999,82.500000,80.252113,332200
2022-03-08,82.199997,83.000000,81.019997,81.070000,78.861076,55700
2022-03-09,82.620003,83.349998,82.430000,82.680000,80.427200,24500
2022-03-10,81.660004,82.230003,81.180000,82.139999,79.901924,25700
2022-03-11,81.879997,82.040001,80.970001,80.970001,78.763802,14800
2022-03-14,80.330002,80.930000,79.989998,80.209999,78.024521,3400
2022-03-15,81.300003,82.000000,81.190002,82.000000,79.765739,2300
2022-03-16,82.970001,83.709999,82.000000,83.709999,81.429146,2700
2022-03-17,83.809998,84.690002,83.809998,84.610001,82.304626,3600
2022-03-18,84.809998,85.730003,84.599998,85.730003,83.394112,10700
2022-03-21,86.000000,86.000000,84.540001,85.089996,82.971886,1600
2022-03-22,85.330002,85.699997,85.320000,85.599998,83.469193,4500
2022-03-23,84.949997,84.949997,84.339996,84.339996,82.240555,4000
2022-03-24,84.730003,85.040001,84.730003,85.040001,82.923134,700
2022-03-25,85.000000,85.169998,84.849998,85.169998,83.049896,1900
2022-03-28,84.910004,84.959999,84.419998,84.709999,82.601341,2900
2022-03-29,85.940002,86.489998,85.860001,86.489998,84.337036,2800
2022-03-30,86.349998,86.349998,86.349998,86.349998,84.200516,800
2022-03-31,85.839996,85.949997,85.629997,85.629997,83.498436,1300
2022-04-01,86.089996,86.519997,86.089996,86.519997,84.366295,900
2022-04-04,86.599998,86.599998,86.209999,86.500000,84.346779,1300
2022-04-05,87.050003,87.050003,86.089996,86.089996,83.946983,800
2022-04-06,85.279999,86.139999,85.279999,86.139999,83.995750,3000
2022-04-07,86.180000,86.830002,86.180000,86.830002,84.668571,1200
2022-04-08,87.339996,87.650002,87.279999,87.279999,85.107376,1600
2022-04-11,87.660004,87.660004,87.400002,87.400002,85.224388,3700
2022-04-12,88.010002,88.010002,86.980003,86.989998,84.824593,8200
2022-04-13,87.570000,87.919998,87.279999,87.870003,85.682686,17300
2022-04-14,88.120003,88.419998,87.970001,87.970001,85.780205,1400
2022-04-18,87.739998,87.919998,87.430000,87.470001,85.292656,1400
2022-04-19,88.750000,89.250000,88.750000,89.180000,86.960083,2700
2022-04-20,89.629997,90.220001,89.629997,90.019997,87.779167,3100
2022-04-21,90.320000,90.330002,88.599998,88.720001,86.511528,1800
2022-04-22,88.269997,88.269997,86.620003,86.769997,84.610062,1700
2022-04-25,86.209999,87.470001,86.209999,87.400002,85.224388,500
2022-04-26,86.690002,86.690002,85.449997,85.449997,83.322922,1200
2022-04-27,85.620003,86.739998,85.620003,85.980003,83.839729,900
2022-04-28,85.830002,86.709999,85.830002,86.709999,84.551552,500
2022-04-29,85.790001,86.000000,84.279999,84.279999,82.182053,1700
2022-05-02,84.889999,84.900002,82.580002,84.110001,82.016281,313400
2022-05-03,83.410004,84.010002,83.209999,83.669998,81.587227,11800
2022-05-04,83.849998,85.260002,83.160004,85.260002,83.137650,21100
2022-05-05,84.419998,84.419998,81.779999,82.360001,80.309853,20600
2022-05-06,82.050003,82.389999,81.220001,81.709999,79.676018,20300
2022-05-09,80.930000,81.260002,80.470001,80.470001,78.466888,3700
2022-05-10,80.949997,80.949997,80.050003,80.510002,78.505890,3500
2022-05-11,80.419998,81.889999,79.800003,79.800003,77.813568,9400
2022-05-12,79.879997,80.699997,79.550003,80.430000,78.427895,20000
2022-05-13,82.029999,82.470001,81.790001,82.419998,80.368355,3700
2022-05-16,82.519997,82.889999,82.209999,82.290001,80.241585,5900
2022-05-17,82.570000,83.120003,82.570000,83.120003,81.050934,1400
2022-05-18,80.599998,80.599998,78.349998,78.529999,76.575188,39800
2022-05-19,78.120003,78.519997,77.629997,78.269997,76.321655,4900
2022-05-20,77.860001,77.879997,76.800003,77.879997,75.941353,7100
2022-05-23,78.639999,79.559998,78.639999,79.279999,77.306511,3400
2022-05-24,78.720001,79.540001,78.160004,79.540001,77.560043,22100
2022-05-25,79.430000,80.620003,79.430000,80.489998,78.486389,13300
2022-05-26,81.089996,82.110001,81.089996,81.820000,79.783279,1800
2022-05-27,82.620003,83.309998,82.529999,83.309998,81.236206,4000
2022-05-31,82.769997,83.459999,82.720001,83.019997,80.953415,16200
2022-06-01,81.320000,81.660004,80.989998,81.660004,79.627274,2800
2022-06-02,81.599998,82.980003,81.339996,82.980003,80.914413,4300
2022-06-03,82.190002,82.510002,82.089996,82.510002,80.456116,1900
2022-06-06,83.099998,83.160004,82.620003,82.730003,80.670639,22300
2022-06-07,82.339996,83.169998,82.339996,83.169998,81.099670,5700
2022-06-08,82.550003,82.550003,82.139999,82.209999,80.163574,2500
2022-06-09,81.820000,81.820000,80.239998,80.239998,78.242615,1500
2022-06-10,79.489998,79.489998,79.330002,79.330002,77.355270,1500
2022-06-13,77.650002,77.970001,76.410004,76.519997,74.615211,10900
2022-06-14,76.870003,76.870003,76.209999,76.550003,74.644470,2900
2022-06-15,77.449997,78.070000,76.480003,77.360001,75.434303,2800
2022-06-16,75.540001,75.769997,75.190002,75.370003,73.493843,2800
2022-06-17,75.239998,75.570000,75.059998,75.349998,73.474342,2700
2022-06-21,75.830002,76.989998,75.739998,76.830002,75.280174,5100
2022-06-22,76.370003,76.720001,76.370003,76.510002,74.966621,900
2022-06-23,77.349998,77.760002,77.349998,77.760002,76.191406,2500
2022-06-24,79.300003,80.050003,79.300003,80.050003,78.435211,1100
2022-06-27,80.540001,80.599998,80.379997,80.440002,78.817352,2500
2022-06-28,80.879997,81.010002,79.089996,79.089996,77.494568,1800
2022-06-29,79.070000,79.230003,78.730003,79.110001,77.514175,17200
2022-06-30,78.260002,78.989998,77.839996,78.510002,76.926277,1500
2022-07-01,79.080002,79.870003,78.519997,79.870003,78.258842,3200
2022-07-05,79.260002,79.660004,78.370003,79.660004,78.053085,5500
2022-07-06,79.320000,79.430000,79.169998,79.430000,77.827721,4900
2022-07-07,79.830002,80.050003,79.680000,80.050003,78.435211,4000
2022-07-08,79.839996,80.029999,79.540001,79.800003,78.190254,3800
2022-07-11,79.820000,79.820000,78.919998,78.970001,77.377007,3700
2022-07-12,78.879997,79.620003,78.730003,78.830002,77.239815,2500
2022-07-13,78.820000,79.279999,78.820000,78.989998,77.396599,1700
2022-07-14,77.830002,78.260002,77.300003,78.260002,76.681320,2200
2022-07-15,78.709999,78.860001,78.510002,78.839996,77.249619,2900
2022-07-18,79.690002,79.760002,78.410004,78.410004,76.828293,2100
2022-07-19,79.470001,79.610001,79.330002,79.610001,78.004089,2200
2022-07-20,79.510002,80.019997,79.279999,79.949997,78.337227,10100
2022-07-21,79.820000,80.269997,79.820000,80.080002,78.464607,3000
2022-07-22,80.230003,80.260002,79.160004,79.629997,78.023682,3000
2022-07-25,80.449997,80.449997,79.760002,80.040001,78.425407,1500
2022-07-26,79.760002,80.070000,79.760002,80.040001,78.425407,800
2022-07-27,80.199997,80.940002,79.779999,80.910004,79.277870,1900
2022-07-28,80.720001,81.870003,80.720001,81.870003,80.218498,4000
2022-07-29,81.580002,81.769997,81.279999,81.680000,80.032341,10500
2022-08-01,81.470001,82.949997,81.470001,82.839996,81.168930,5000
2022-08-02,82.339996,82.720001,82.339996,82.690002,81.021965,1900
2022-08-03,82.690002,82.889999,82.209999,82.769997,81.100334,4200
2022-08-04,82.730003,82.779999,82.400002,82.559998,80.894577,7800
2022-08-05,82.010002,82.169998,81.580002,82.160004,80.502647,2100
2022-08-08,82.870003,82.870003,82.419998,82.419998,80.757408,1200
2022-08-09,82.470001,82.470001,81.400002,81.400002,79.757980,6000
2022-08-10,82.540001,83.059998,82.540001,82.860001,81.188530,3300
2022-08-11,83.580002,83.830002,82.919998,82.919998,81.247307,6900
2022-08-12,83.150002,83.639999,82.830002,83.639999,81.952789,2800
2022-08-15,83.290001,84.230003,83.290001,84.169998,82.472099,2800
2022-08-16,84.099998,84.769997,84.099998,84.709999,83.001205,3300
2022-08-17,84.110001,84.589996,84.110001,84.180000,82.481895,3900
2022-08-18,84.400002,84.849998,84.260002,84.839996,83.128586,1700
2022-08-19,84.410004,84.410004,84.279999,84.330002,82.628876,800
2022-08-22,83.540001,83.809998,83.370003,83.449997,81.766624,3700
2022-08-23,83.699997,83.970001,83.699997,83.949997,82.256538,1400
2022-08-24,84.050003,84.290001,83.860001,84.089996,82.393715,1700
2022-08-25,84.449997,84.730003,84.199997,84.730003,83.020805,1500
2022-08-26,83.529999,83.800003,82.870003,82.870003,81.198326,1400
2022-08-29,82.330002,82.889999,81.930000,82.419998,80.757408,4000
2022-08-30,82.720001,82.720001,81.519997,81.529999,79.885353,700
2022-08-31,81.480003,81.639999,81.209999,81.209999,79.571815,2300
2022-09-01,80.599998,80.889999,80.599998,80.889999,79.258263,1900
2022-09-02,81.610001,81.610001,80.180000,80.180000,78.562599,700
2022-09-06,80.309998,80.309998,79.669998,79.669998,78.062874,1300
2022-09-07,80.099998,81.309998,80.099998,81.239998,79.601204,4200
2022-09-08,81.040001,81.699997,80.639999,81.699997,80.051918,1900
2022-09-09,81.980003,82.550003,81.919998,82.489998,80.825989,4400
2022-09-12,82.870003,83.180000,82.779999,82.919998,81.247307,1000
2022-09-13,81.339996,81.769997,80.099998,80.379997,78.758553,3000
2022-09-14,80.849998,80.900002,80.059998,80.300003,78.680168,1500
2022-09-15,80.260002,80.260002,79.440002,79.639999,78.033478,8500
2022-09-16,79.089996,79.230003,78.669998,79.199997,77.602356,5100
2022-09-19,78.629997,80.000000,78.629997,80.000000,78.629456,3900
2022-09-20,79.279999,79.480003,78.820000,79.370003,78.010246,2500
2022-09-21,79.809998,80.070000,78.669998,78.669998,77.322243,1400
2022-09-22,78.190002,78.190002,77.449997,77.480003,76.152626,3400
2022-09-23,76.779999,76.779999,74.930000,75.599998,74.304840,5500
2022-09-26,75.790001,76.099998,74.989998,75.300003,74.009979,6100
2022-09-27,76.239998,76.320000,74.720001,74.900002,73.616821,3500
2022-09-28,75.139999,76.849998,75.139999,76.660004,75.346680,3600
2022-09-29,75.089996,75.540001,74.930000,75.290001,74.000145,2500
2022-09-30,75.220001,76.099998,74.820000,74.820000,73.538200,4800
2022-10-03,75.400002,76.080002,75.250000,75.709999,74.412949,4300
2022-10-04,77.709999,77.709999,77.459999,77.580002,76.250916,1500
2022-10-05,76.599998,77.330002,76.599998,77.019997,75.700508,15300
2022-10-06,76.919998,77.040001,76.290001,76.389999,75.081299,3400
2022-10-07,75.730003,75.730003,74.980003,74.989998,73.705276,5100
2022-10-10,75.610001,75.959999,75.550003,75.900002,74.599693,1000
2022-10-11,75.790001,76.800003,75.790001,76.309998,75.002670,2100
2022-10-12,76.849998,76.930000,76.680000,76.680000,75.366333,2300
2022-10-13,75.589996,78.110001,75.589996,78.059998,76.722687,3200
2022-10-14,76.680000,76.680000,75.830002,75.830002,74.530899,1100
2022-10-17,76.959999,77.550003,76.959999,77.489998,76.162460,2100
2022-10-18,78.790001,78.790001,78.080002,78.320000,76.978241,6100
2022-10-19,77.900002,77.900002,77.570000,77.760002,76.427826,3400
2022-10-20,77.629997,77.639999,76.540001,76.540001,75.228737,3200
2022-10-21,76.889999,78.050003,76.709999,77.940002,76.604744,4900
2022-10-24,78.309998,78.800003,78.309998,78.699997,77.351730,2700
2022-10-25,78.980003,80.339996,78.959999,80.309998,78.934143,5400
2022-10-26,80.970001,80.970001,80.400002,80.400002,79.022606,4500
2022-10-27,80.620003,81.050003,80.349998,80.349998,78.973457,1200
2022-10-28,82.230003,82.230003,82.099998,82.120003,80.713135,600
2022-10-31,82.320000,82.349998,81.919998,81.919998,80.516563,2700
2022-11-01,81.769997,81.769997,81.690002,81.690002,80.290497,1000
2022-11-02,81.540001,82.529999,80.389999,80.389999,79.012764,6700
2022-11-03,80.080002,81.190002,80.080002,80.980003,79.592659,1200
2022-11-04,81.730003,81.930000,80.580002,81.660004,80.261017,2800
2022-11-07,81.970001,82.650002,81.970001,82.459999,81.047310,5100
2022-11-08,82.690002,83.370003,82.190002,82.849998,81.430626,4200
2022-11-09,82.919998,83.089996,81.730003,81.849998,80.447762,3000
2022-11-10,83.739998,84.089996,83.250000,84.080002,82.639549,2800
2022-11-11,83.110001,83.360001,83.110001,83.199997,81.774620,1200
2022-11-14,82.959999,83.889999,82.820000,82.820000,81.401146,1500
2022-11-15,83.849998,84.129997,83.629997,83.970001,82.531441,3600
2022-11-16,84.339996,84.489998,84.199997,84.489998,83.042534,7300
2022-11-17,83.760002,84.290001,83.730003,84.290001,82.845955,2400
2022-11-18,84.730003,84.919998,84.629997,84.919998,83.465164,1800
2022-11-21,84.720001,85.459999,84.720001,85.459999,83.995918,2300
2022-11-22,85.620003,86.169998,85.550003,86.169998,84.693748,3200
2022-11-23,86.019997,86.669998,86.010002,86.379997,84.900154,5700
2022-11-25,86.760002,86.760002,86.739998,86.739998,85.253983,300
2022-11-28,86.680000,87.059998,86.550003,86.550003,85.067245,1200
2022-11-29,86.519997,86.519997,85.910004,86.120003,84.644608,1700
2022-11-30,86.120003,88.160004,86.029999,88.160004,86.649658,1900
2022-12-01,87.989998,87.989998,87.349998,87.440002,85.941994,2700
2022-12-02,87.010002,87.589996,87.010002,87.580002,86.079597,4300
2022-12-05,86.290001,86.360001,86.089996,86.089996,84.615112,1800
2022-12-06,86.379997,86.379997,85.769997,86.129997,84.654434,1800
2022-12-07,86.320000,86.320000,86.059998,86.099998,84.624947,5200
2022-12-08,86.040001,86.500000,86.040001,86.410004,84.929649,9000
2022-12-09,86.120003,86.120003,85.519997,85.519997,84.054878,5300
2022-12-12,85.589996,86.190002,85.589996,86.190002,84.713409,1900
2022-12-13,87.190002,87.190002,86.080002,86.080002,84.605301,2300
2022-12-14,86.500000,86.620003,85.830002,86.019997,84.546318,2100
2022-12-15,84.300003,84.519997,84.139999,84.519997,83.072021,1700
2022-12-16,83.580002,84.290001,83.489998,84.040001,82.600243,5100
2022-12-19,83.650002,83.650002,82.699997,83.000000,82.381882,2300
2022-12-20,82.400002,83.099998,82.400002,82.949997,82.332253,2000
2022-12-21,83.660004,84.379997,83.580002,84.000000,83.374435,29100
2022-12-22,83.230003,83.709999,82.610001,83.709999,83.086594,2600
2022-12-23,83.809998,84.260002,83.449997,84.260002,83.632500,1800
2022-12-27,84.169998,84.610001,84.169998,84.279999,83.652351,6600
2022-12-28,84.059998,84.059998,82.839996,82.839996,82.223068,2900
2022-12-29,83.339996,83.339996,83.099998,83.099998,82.481140,2000
2022-12-30,82.430000,82.660004,82.059998,82.660004,82.044418,7100
2023-01-03,82.269997,82.300003,81.440002,81.809998,81.200737,39800
2023-01-04,82.050003,82.449997,81.650002,82.139999,81.528282,9900
2023-01-05,81.430000,81.720001,81.430000,81.720001,81.111412,500
2023-01-06,82.209999,83.820000,82.199997,83.580002,82.957558,28800
2023-01-09,83.760002,84.239998,83.160004,83.180000,82.560539,8800
2023-01-10,83.190002,83.379997,83.019997,83.349998,82.729271,2000
2023-01-11,83.860001,83.860001,83.260002,83.620003,82.997269,3100
2023-01-12,83.419998,83.830002,83.410004,83.510002,82.888084,32000
2023-01-13,83.550003,84.339996,83.550003,84.279999,83.652351,4500
2023-01-17,84.709999,85.050003,84.500000,84.500000,83.870712,7500
2023-01-18,84.760002,84.760002,82.610001,82.639999,82.024559,5400
2023-01-19,82.180000,82.180000,81.639999,81.639999,81.032005,1000
2023-01-20,81.690002,82.309998,81.690002,82.309998,81.697014,2100
2023-01-23,82.510002,83.160004,82.500000,82.739998,82.123817,3000
2023-01-24,82.470001,83.269997,82.470001,83.169998,82.550613,2300
2023-01-25,82.589996,83.660004,82.589996,83.660004,83.036972,4700
2023-01-26,83.709999,83.800003,83.529999,83.800003,83.175926,12800
2023-01-27,82.959999,83.360001,82.959999,83.290001,82.669724,2300
2023-01-30,83.480003,83.790001,83.290001,83.290001,82.669724,8200
2023-01-31,83.190002,84.709999,83.190002,84.709999,84.079147,7800
2023-02-01,84.660004,85.150002,84.239998,85.150002,84.515869,3900
2023-02-02,85.430000,85.430000,84.570000,84.820000,84.188324,3500
2023-02-03,84.540001,84.760002,84.339996,84.739998,84.108917,3100
2023-02-06,84.379997,84.760002,84.379997,84.760002,84.128777,1100
2023-02-07,83.639999,84.660004,83.639999,84.660004,84.029526,4000
2023-02-08,84.330002,84.330002,84.089996,84.099998,83.473686,1800
2023-02-09,84.620003,84.620003,83.669998,83.669998,83.046890,1100
2023-02-10,84.040001,84.440002,84.040001,84.440002,83.811157,1700
2023-02-13,84.239998,85.230003,84.239998,85.230003,84.595276,13000
2023-02-14,85.349998,85.349998,84.570000,84.760002,84.128777,3700
2023-02-15,84.279999,85.260002,84.279999,85.260002,84.625046,1900
2023-02-16,84.669998,85.559998,84.669998,85.029999,84.396759,4800
2023-02-17,84.750000,85.839996,84.750000,85.730003,85.091560,4800
2023-02-21,85.339996,85.339996,85.110001,85.110001,84.476173,2200
2023-02-22,85.500000,85.500000,84.800003,85.070000,84.436462,5600
2023-02-23,85.230003,85.230003,84.410004,84.849998,84.218102,2300
2023-02-24,84.230003,84.529999,84.230003,84.529999,83.900482,4100
2023-02-27,84.570000,84.980003,84.080002,84.080002,83.453835,6800
2023-02-28,84.459999,84.760002,84.059998,84.059998,83.433983,2100
2023-03-01,83.269997,83.940002,83.269997,83.930000,83.304962,1900
2023-03-02,84.870003,84.940002,84.870003,84.940002,84.307434,800
2023-03-03,84.779999,85.410004,84.779999,85.320000,84.684601,7700
2023-03-06,84.860001,84.900002,84.320000,84.470001,83.840935,2800
2023-03-07,84.110001,84.199997,84.050003,84.110001,83.483612,3100
2023-03-08,84.250000,84.370003,84.019997,84.209999,83.582870,4900
2023-03-09,83.959999,83.989998,83.050003,83.050003,82.431511,4300
2023-03-10,82.769997,82.769997,81.589996,81.970001,81.359550,3100
2023-03-13,82.440002,82.440002,81.489998,81.489998,80.883125,4300
2023-03-14,82.500000,82.790001,82.250000,82.709999,82.094040,1100
2023-03-15,81.529999,82.910004,81.529999,82.910004,82.292557,3400
2023-03-16,82.110001,83.169998,82.110001,83.169998,82.550613,1600
2023-03-17,82.599998,82.599998,81.870003,81.870003,81.260300,1000
2023-03-20,82.750000,82.989998,82.750000,82.760002,82.416481,1200
2023-03-21,83.300003,83.599998,83.010002,83.599998,83.252991,1600
2023-03-22,83.779999,83.800003,82.489998,82.489998,82.147598,1800
2023-03-23,82.790001,83.129997,82.220001,82.220001,81.878723,1400
2023-03-24,81.949997,83.690002,81.949997,83.690002,83.342621,1600
2023-03-27,84.550003,84.589996,84.370003,84.519997,84.169167,1800
2023-03-28,84.879997,84.940002,84.730003,84.730003,84.378304,7200
2023-03-29,85.300003,85.300003,85.010002,85.040001,84.687019,2600
2023-03-30,85.279999,85.489998,84.870003,85.129997,84.776642,13200
2023-03-31,85.309998,86.230003,85.309998,86.110001,85.752571,20300
2023-04-03,86.309998,86.849998,86.160004,86.650002,86.290337,3000
2023-04-04,86.650002,86.650002,85.620003,85.820000,85.463776,5800
2023-04-05,85.940002,85.940002,85.690002,85.730003,85.374153,12700
2023-04-06,85.620003,86.080002,85.620003,85.839996,85.483688,3200
2023-04-10,85.690002,86.190002,85.690002,86.139999,85.782448,1300
2023-04-11,86.480003,86.980003,86.480003,86.760002,86.399879,5400
2023-04-12,86.739998,87.150002,86.620003,86.730003,86.370003,5100
2023-04-13,86.370003,87.000000,86.290001,86.849998,86.489502,2600
2023-04-14,86.760002,86.760002,86.330002,86.650002,86.290337,2100
2023-04-17,86.660004,87.330002,86.660004,87.330002,86.967514,2100
2023-04-18,87.379997,87.720001,87.169998,87.720001,87.355896,3200
2023-04-19,87.379997,87.650002,87.379997,87.449997,87.087006,2000
2023-04-20,87.790001,87.959999,87.629997,87.959999,87.594894,12400
2023-04-21,87.919998,88.169998,87.790001,88.169998,87.804024,11200
2023-04-24,88.309998,88.309998,88.089996,88.139999,87.774147,18500
2023-04-25,87.970001,88.029999,87.820000,87.830002,87.465439,14700
2023-04-26,87.809998,87.809998,87.559998,87.680000,87.316055,4100
2023-04-27,87.650002,88.269997,87.650002,88.269997,87.903603,2900
2023-04-28,88.540001,88.730003,88.320000,88.699997,88.331818,6900
2023-05-01,88.809998,89.330002,88.809998,89.000000,88.630577,7000
2023-05-02,89.019997,89.019997,87.580002,88.580002,88.212326,8700
2023-05-03,88.489998,88.779999,88.080002,88.160004,87.794067,20900
2023-05-04,88.290001,88.290001,87.510002,87.610001,87.246346,23000
2023-05-05,87.800003,88.550003,87.800003,88.430000,88.062943,4300
2023-05-08,88.430000,88.430000,88.010002,88.070000,87.704437,3800
2023-05-09,87.849998,87.849998,87.120003,87.120003,86.758385,2900
2023-05-10,86.750000,86.949997,86.330002,86.849998,86.489502,5100
2023-05-11,86.419998,87.000000,86.400002,87.000000,86.638878,5500
2023-05-12,87.230003,87.440002,86.989998,87.440002,87.077057,1500
2023-05-15,86.980003,86.989998,86.940002,86.989998,86.628922,2800
2023-05-16,86.419998,86.790001,86.199997,86.199997,85.842194,2100
2023-05-17,85.919998,86.480003,85.919998,86.449997,86.091156,1400
2023-05-18,86.199997,86.300003,85.709999,86.300003,85.941788,3600
2023-05-19,86.230003,86.449997,86.059998,86.449997,86.091156,800
2023-05-22,85.629997,85.900002,85.550003,85.550003,85.194901,3100
2023-05-23,85.010002,85.080002,84.879997,85.050003,84.696976,1900
2023-05-24,84.629997,84.739998,84.589996,84.739998,84.388260,1100
2023-05-25,84.730003,85.339996,84.660004,85.250000,84.896141,4400
2023-05-26,85.190002,85.320000,85.070000,85.129997,84.776642,8800
2023-05-30,84.629997,84.820000,84.629997,84.750000,84.398216,900
2023-05-31,84.400002,84.500000,84.169998,84.430000,84.079544,1800
2023-06-01,84.379997,84.870003,84.379997,84.779999,84.428093,4700
2023-06-02,85.570000,86.180000,85.570000,86.180000,85.822281,3300
2023-06-05,86.269997,86.269997,85.389999,85.580002,85.224777,1800
2023-06-06,85.320000,85.970001,85.300003,85.970001,85.613159,2100
2023-06-07,85.199997,85.750000,85.199997,85.629997,85.274567,3400
2023-06-08,85.580002,86.050003,85.580002,86.050003,85.692825,1000
2023-06-09,86.050003,86.059998,85.790001,85.849998,85.493652,2800
2023-06-12,85.970001,86.010002,85.800003,86.010002,85.652992,1700
2023-06-13,86.139999,86.370003,86.139999,86.370003,86.011497,2000
2023-06-14,86.860001,86.860001,86.129997,86.400002,86.041374,5100
2023-06-15,86.269997,86.930000,86.180000,86.910004,86.549255,7300
2023-06-16,86.739998,87.209999,86.540001,86.730003,86.370003,9200
2023-06-20,86.230003,86.239998,85.760002,85.760002,85.760002,7200
2023-06-21,85.980003,86.330002,85.980003,86.330002,86.330002,2600
2023-06-22,86.449997,86.809998,86.129997,86.809998,86.809998,2300
2023-06-23,86.699997,86.699997,85.930000,85.930000,85.930000,2100
2023-06-26,85.989998,85.989998,85.489998,85.769997,85.769997,10000
2023-06-27,86.190002,86.379997,86.050003,86.379997,86.379997,13500
2023-06-28,85.279999,85.680000,85.279999,85.599998,85.599998,4200
2023-06-29,85.300003,86.050003,85.300003,86.050003,86.050003,1600
2023-06-30,86.199997,86.860001,86.199997,86.800003,86.800003,5800
2023-07-03,86.559998,87.349998,86.559998,87.190002,87.190002,8700
2023-07-05,86.750000,87.029999,86.750000,86.919998,86.919998,4000
2023-07-06,86.309998,86.309998,85.870003,86.040001,86.040001,5700
2023-07-07,86.080002,86.470001,85.750000,85.750000,85.750000,1800
2023-07-10,86.239998,86.389999,86.040001,86.120003,86.120003,3100
2023-07-11,85.870003,86.139999,85.800003,86.029999,86.029999,6800
2023-07-12,86.430000,86.440002,86.230003,86.320000,86.320000,5100
2023-07-13,86.260002,86.680000,86.129997,86.540001,86.540001,3800
2023-07-14,86.370003,86.720001,86.169998,86.720001,86.720001,5000
2023-07-17,86.989998,87.029999,86.830002,86.830002,86.830002,3300
2023-07-18,87.080002,87.300003,86.589996,86.669998,86.669998,5600
2023-07-19,86.760002,87.190002,86.760002,87.190002,87.190002,2200
2023-07-20,87.190002,87.629997,87.190002,87.629997,87.629997,4200
2023-07-21,87.839996,88.000000,87.519997,87.519997,87.519997,2100